Periodo ;Plan;Genero(F=1, M=0);Semestre ;Ciudad de Residencia;Edad;Motivo Retiro;Estado (Desertor=1, No Desertor=0);Trabaja actualmente (Si=1, No=0);Número personas a cargo;Salario;Graduado industrial (Si=1, No=0);Resultado Pruebas Admision;Materias Perdidas;Numero de Apoyos;Apoyos Academicos;Apoyos Financieros
17;20121;F;8;ROLDANILLO;27;-;NO DESERTOR;NO;0;MAS DE 8 SALARIOS MINIMOS;NO;46,76;0;4;3;1
17;20192;M;1;TULUÁ;22;-;NO DESERTOR;SI;0;MAS DE 2 Y MENOS DE 4 SALARIOS MINIMOS;NO;42,86;1;4;3;1
17;20192;M;3;BUENAVENTURA;18;-;NO DESERTOR;NO;0;MAS DE 2 Y MENOS DE 4 SALARIOS MINIMOS;NO;48,97;0;4;3;1
17;20192;M;1;BUENAVENTURA;18;-;NO DESERTOR;NO;2;DOS SALARIOS MÍNIMOS O MENOS;NO;41,53;0;4;3;1
17;20192;F;3;TULUÁ;20;-;NO DESERTOR;NO;0;DOS SALARIOS MÍNIMOS O MENOS;NO;51,48;0;6;5;1
17;20192;F;3;TULUÁ;24;-;NO DESERTOR;NO;0;DOS SALARIOS MÍNIMOS O MENOS;NO;51,17;0;9;8;1
17;20121;M;9;TULUÁ;23;-;NO DESERTOR;NO;2;MAS DE 2 Y MENOS DE 4 SALARIOS MINIMOS;NO;52,71;0;4;3;1
17;20192;M;5;RIOFRÍO;21;-;NO DESERTOR;NO;0;MAS DE 4 Y MENOS DE 6 SALARIOS MINIMOS;NO;60,41;0;8;6;2
17;20192;M;1;NARIÑO - TULUÁ;19;-;NO DESERTOR;NO;0;DOS SALARIOS MÍNIMOS O MENOS;NO;62,52;0;4;3;1
17;20192;M;1;BUGALAGRANDE - BUGALAGRANDE;22;INACTIVIDAD ACADEMICA;DESERTOR;NO;2;DOS SALARIOS MÍNIMOS O MENOS;NO;39,74;6;2;1;1
17;20192;F;1;TULUÁ;18;-;NO DESERTOR;NO;2;DOS SALARIOS MÍNIMOS O MENOS;NO;51,38;0;6;5;1
17;20192;M;2;BUGALAGRANDE;19;-;NO DESERTOR;NO;2;MAS DE 2 Y MENOS DE 4 SALARIOS MINIMOS;NO;53,95;0;6;4;2
17;20192;F;3;TULUÁ;20;-;NO DESERTOR;NO;0;DOS SALARIOS MÍNIMOS O MENOS;NO;45,67;0;5;4;1
17;20121;M;6;TULUÁ;21;-;NO DESERTOR;NO;0;DOS SALARIOS MÍNIMOS O MENOS;NO;58,12;1;6;5;1
17;20121;M;8;GUADALAJARA DE BUGA;30;-;NO DESERTOR;NO;0;MAS DE 2 Y MENOS DE 4 SALARIOS MINIMOS;NO;46,07;1;7;6;1
17;20192;M;3;TULUÁ;20;INACTIVIDAD ACADEMICA;DESERTOR;NO;0;DOS SALARIOS MÍNIMOS O MENOS;NO;51,74;1;4;3;1
17;20192;M;3;GUADALAJARA DE BUGA;19;-;NO DESERTOR;NO;2;MAS DE 2 Y MENOS DE 4 SALARIOS MINIMOS;NO;47,69;1;5;4;1
17;20192;M;2;TULUÁ;21;-;NO DESERTOR;NO;4;MAS DE 2 Y MENOS DE 4 SALARIOS MINIMOS;NO;45,68;1;5;4;1
17;20192;M;1;BARRANQUILLA;18;-;NO DESERTOR;NO;0;DOS SALARIOS MÍNIMOS O MENOS;NO;45,76;0;5;4;1
17;20121;F;9;ANDALUCÍA;24;-;NO DESERTOR;NO;0;DOS SALARIOS MÍNIMOS O MENOS;NO;38,19;0;7;5;2
17;20192;M;2;TULUÁ;20;-;NO DESERTOR;NO;0;MAS DE 2 Y MENOS DE 4 SALARIOS MINIMOS;NO;62,4;0;5;4;1
17;20121;F;8;ANSERMA;26;-;NO DESERTOR;NO;0;MAS DE 2 Y MENOS DE 4 SALARIOS MINIMOS;NO;47,44;0;2;1;1
17;20192;F;4;TULUÁ;27;-;NO DESERTOR;NO;0;MAS DE 2 Y MENOS DE 4 SALARIOS MINIMOS;NO;47,09;1;4;3;1
17;20192;F;3;BUGALAGRANDE;20;-;NO DESERTOR;NO;0;DOS SALARIOS MÍNIMOS O MENOS;NO;31,38;1;4;3;1
17;20192;F;5;TULUÁ;20;-;NO DESERTOR;NO;0;MAS DE 2 Y MENOS DE 4 SALARIOS MINIMOS;NO;57,85;0;6;5;1
17;20192;F;3;TULUÁ;21;-;NO DESERTOR;NO;1;DOS SALARIOS MÍNIMOS O MENOS;NO;56,57;0;4;3;1
17;20192;M;2;GUADALAJARA DE BUGA;19;-;NO DESERTOR;NO;2;DOS SALARIOS MÍNIMOS O MENOS;NO;69,38;1;5;4;1
17;20192;M;5;GUADALAJARA DE BUGA;21;-;NO DESERTOR;NO;0;DOS SALARIOS MÍNIMOS O MENOS;NO;54,98;1;8;6;2
17;20192;M;3;TULUÁ;22;-;NO DESERTOR;NO;0;DOS SALARIOS MÍNIMOS O MENOS;NO;38,05;1;6;5;1
17;20192;M;2;TULUÁ;19;-;NO DESERTOR;NO;0;MAS DE 2 Y MENOS DE 4 SALARIOS MINIMOS;NO;49,51;1;5;4;1
17;20121;M;6;TULUÁ;26;-;NO DESERTOR;NO;0;DOS SALARIOS MÍNIMOS O MENOS;NO;43,57;1;8;7;1
17;20192;M;1;GUACARÍ - GUACARÍ;29;-;NO DESERTOR;SI;2;MAS DE 2 Y MENOS DE 4 SALARIOS MINIMOS;NO;53,01;1;4;3;1
17;20192;M;2;TRUJILLO;24;INACTIVIDAD ACADEMICA;DESERTOR;SI;0;MAS DE 2 Y MENOS DE 4 SALARIOS MINIMOS;NO;49,87;1;5;4;1
17;20192;F;1;ANDALUCÍA - ANDALUCÍA;18;-;NO DESERTOR;NO;0;DOS SALARIOS MÍNIMOS O MENOS;NO;48,72;0;8;7;1
17;20192;F;4;EL CERRITO;22;INACTIVIDAD ACADEMICA;DESERTOR;NO;2;MAS DE 2 Y MENOS DE 4 SALARIOS MINIMOS;NO;50,25;1;7;5;2
17;20121;M;6;TULUÁ;23;-;NO DESERTOR;NO;0;MAS DE 2 Y MENOS DE 4 SALARIOS MINIMOS;NO;62,9;1;6;5;1
17;20121;M;9;BUGALAGRANDE;27;-;NO DESERTOR;NO;0;DOS SALARIOS MÍNIMOS O MENOS;NO;46,81;1;9;7;2
17;20192;M;1;TULUÁ;20;-;NO DESERTOR;NO;0;DOS SALARIOS MÍNIMOS O MENOS;NO;44,72;0;4;3;1
17;20121;M;9;TULUÁ;27;-;NO DESERTOR;SI;1;MAS DE 2 Y MENOS DE 4 SALARIOS MINIMOS;Si;51,95;0;5;4;1
17;20192;M;1;TULUÁ;20;-;NO DESERTOR;SI;0;DOS SALARIOS MÍNIMOS O MENOS;NO;48,59;0;4;3;1
17;20192;M;5;TULUÁ;22;-;NO DESERTOR;NO;0;NO DEFINIDO;NO;60,55;1;6;5;1
17;20121;M;7;TULUÁ;26;-;NO DESERTOR;NO;0;MAS DE 6 Y MENOS DE 8 SALARIOS MINIMOS;NO;50,32;0;8;7;1
17;20192;F;3;SAN PEDRO;19;-;NO DESERTOR;NO;0;DOS SALARIOS MÍNIMOS O MENOS;NO;46,63;0;5;4;1
17;20192;M;2;TULUÁ;19;-;NO DESERTOR;NO;0;MAS DE 2 Y MENOS DE 4 SALARIOS MINIMOS;NO;57,83;1;5;4;1
17;20121;F;9;BUGALAGRANDE;24;-;NO DESERTOR;NO;0;MAS DE 2 Y MENOS DE 4 SALARIOS MINIMOS;NO;68,93;0;3;2;1
17;20121;F;9;BUGALAGRANDE;44;-;NO DESERTOR;NO;0;NO DEFINIDO;Si;50,95;0;2;1;1
17;20121;M;9;ANDALUCÍA;29;-;NO DESERTOR;NO;0;MAS DE 2 Y MENOS DE 4 SALARIOS MINIMOS;NO;57,2;0;4;3;1
17;20121;M;9;TULUÁ;25;-;NO DESERTOR;NO;0;MAS DE 2 Y MENOS DE 4 SALARIOS MINIMOS;NO;52,33;0;5;4;1
17;20121;M;8;BUENAVENTURA;25;-;NO DESERTOR;NO;0;MAS DE 2 Y MENOS DE 4 SALARIOS MINIMOS;NO;46,95;1;5;4;1
17;20121;M;9;GUADALAJARA DE BUGA;22;-;NO DESERTOR;NO;0;DOS SALARIOS MÍNIMOS O MENOS;NO;60,19;0;6;5;1
17;20192;M;3;TULUÁ;19;-;NO DESERTOR;NO;0;DOS SALARIOS MÍNIMOS O MENOS;NO;57,01;1;5;4;1
17;20192;M;4;GUADALAJARA DE BUGA;21;-;NO DESERTOR;NO;0;MAS DE 4 Y MENOS DE 6 SALARIOS MINIMOS;NO;58,55;1;4;3;1
17;20121;F;8;TULUÁ;22;-;NO DESERTOR;NO;0;NO DEFINIDO;NO;55,06;0;9;8;1
17;20121;F;6;SAN PEDRO;26;-;NO DESERTOR;NO;0;DOS SALARIOS MÍNIMOS O MENOS;NO;43,1;1;6;4;2
17;20192;F;5;TULUÁ;20;-;NO DESERTOR;NO;0;MAS DE 2 Y MENOS DE 4 SALARIOS MINIMOS;NO;53,21;0;6;5;1
17;20121;F;6;TULUÁ;28;-;NO DESERTOR;NO;1;MAS DE 4 Y MENOS DE 6 SALARIOS MINIMOS;NO;46,16;0;7;6;1
17;20121;M;6;TULUÁ;25;-;NO DESERTOR;NO;0;MAS DE 2 Y MENOS DE 4 SALARIOS MINIMOS;NO;59,65;0;5;4;1
17;20121;M;7;EL CERRITO;24;-;NO DESERTOR;NO;2;MAS DE 4 Y MENOS DE 6 SALARIOS MINIMOS;NO;61,24;1;6;5;1
17;20192;F;5;TULUÁ;23;-;NO DESERTOR;NO;0;MAS DE 2 Y MENOS DE 4 SALARIOS MINIMOS;NO;57;0;5;4;1
17;20192;F;6;BUGALAGRANDE;21;-;NO DESERTOR;NO;0;DOS SALARIOS MÍNIMOS O MENOS;NO;58,7;0;5;4;1
17;20192;M;4;TULUÁ;21;INACTIVIDAD ACADEMICA;DESERTOR;NO;1;MAS DE 2 Y MENOS DE 4 SALARIOS MINIMOS;NO;41,37;0;6;5;1
17;20192;F;3;TULUÁ;20;-;NO DESERTOR;NO;0;DOS SALARIOS MÍNIMOS O MENOS;NO;43,13;0;5;4;1
17;20121;M;7;TULUÁ;24;-;NO DESERTOR;NO;1;DOS SALARIOS MÍNIMOS O MENOS;NO;51,17;0;4;3;1
17;20192;M;2;RIOFRÍO;23;-;NO DESERTOR;NO;0;DOS SALARIOS MÍNIMOS O MENOS;NO;60,86;1;5;4;1
17;20121;M;9;TULUÁ;26;-;NO DESERTOR;NO;1;MAS DE 4 Y MENOS DE 6 SALARIOS MINIMOS;NO;55,8;1;5;4;1
17;20192;F;2;TULUÁ;20;-;NO DESERTOR;NO;0;DOS SALARIOS MÍNIMOS O MENOS;NO;54,68;1;5;4;1
17;20192;F;4;TULUÁ;20;-;NO DESERTOR;NO;0;DOS SALARIOS MÍNIMOS O MENOS;NO;54,01;1;5;4;1
17;20192;M;1;TULUÁ;19;-;NO DESERTOR;NO;0;MAS DE 2 Y MENOS DE 4 SALARIOS MINIMOS;NO;43,52;0;4;3;1
17;20192;F;4;GUADALAJARA DE BUGA;19;-;NO DESERTOR;NO;0;MAS DE 2 Y MENOS DE 4 SALARIOS MINIMOS;NO;71,35;1;4;3;1
17;20121;F;9;EL CERRITO;28;-;NO DESERTOR;NO;0;MAS DE 2 Y MENOS DE 4 SALARIOS MINIMOS;NO;44,44;1;5;4;1
17;20121;M;9;TULUÁ;30;-;NO DESERTOR;NO;0;MAS DE 2 Y MENOS DE 4 SALARIOS MINIMOS;NO;47,54;3;2;1;1
17;20121;M;9;GUADALAJARA DE BUGA;25;-;NO DESERTOR;NO;2;DOS SALARIOS MÍNIMOS O MENOS;NO;48,4;1;5;4;1
17;20121;F;7;TULUÁ;22;-;NO DESERTOR;NO;1;DOS SALARIOS MÍNIMOS O MENOS;NO;50,95;0;5;4;1
17;20192;F;1;TRUJILLO;18;-;NO DESERTOR;NO;0;DOS SALARIOS MÍNIMOS O MENOS;NO;52,38;0;4;3;1
17;20192;M;2;GUADALAJARA DE BUGA;21;-;NO DESERTOR;NO;0;MAS DE 2 Y MENOS DE 4 SALARIOS MINIMOS;NO;44,19;0;5;4;1
17;20192;M;1;CALIMA;20;-;NO DESERTOR;NO;0;DOS SALARIOS MÍNIMOS O MENOS;NO;42,62;0;4;3;1
17;20121;M;8;GUADALAJARA DE BUGA;23;-;NO DESERTOR;NO;2;DOS SALARIOS MÍNIMOS O MENOS;NO;55,24;1;4;3;1
17;20192;M;2;TULUÁ;24;INACTIVIDAD ACADEMICA;DESERTOR;NO;0;MAS DE 2 Y MENOS DE 4 SALARIOS MINIMOS;NO;68,92;0;5;4;1
17;20121;F;4;SAN PEDRO;22;-;NO DESERTOR;NO;0;DOS SALARIOS MÍNIMOS O MENOS;NO;52,28;0;9;8;1
17;20192;M;5;TULUÁ;20;-;NO DESERTOR;NO;1;MAS DE 2 Y MENOS DE 4 SALARIOS MINIMOS;NO;51,38;0;5;4;1
17;20192;M;3;TULUÁ;20;-;NO DESERTOR;NO;2;DOS SALARIOS MÍNIMOS O MENOS;NO;45,11;0;4;3;1
17;20121;M;7;TULUÁ;24;INACTIVIDAD ACADEMICA;DESERTOR;NO;0;DOS SALARIOS MÍNIMOS O MENOS;NO;51,29;0;7;6;1
17;20192;M;2;BUENAVENTURA;20;-;NO DESERTOR;NO;0;MAS DE 2 Y MENOS DE 4 SALARIOS MINIMOS;NO;49,67;1;6;5;1
17;20192;M;2;TULUÁ;19;-;NO DESERTOR;NO;0;DOS SALARIOS MÍNIMOS O MENOS;NO;72,23;0;5;4;1
17;20121;F;6;TULUÁ;23;-;NO DESERTOR;NO;0;DOS SALARIOS MÍNIMOS O MENOS;NO;48,49;1;5;4;1
17;20121;F;7;TULUÁ;26;-;NO DESERTOR;SI;0;DOS SALARIOS MÍNIMOS O MENOS;NO;48,29;0;5;4;1
17;20121;F;8;TULUÁ;25;-;NO DESERTOR;NO;0;MAS DE 2 Y MENOS DE 4 SALARIOS MINIMOS;NO;58,51;0;7;6;1
17;20192;M;2;TULUÁ;21;-;NO DESERTOR;SI;0;DOS SALARIOS MÍNIMOS O MENOS;NO;61,11;1;5;4;1
17;20192;M;6;TULUÁ;26;-;NO DESERTOR;NO;0;DOS SALARIOS MÍNIMOS O MENOS;NO;50,14;0;5;4;1
17;20192;M;4;BUENAVENTURA;21;-;NO DESERTOR;NO;0;MAS DE 2 Y MENOS DE 4 SALARIOS MINIMOS;NO;60,73;0;5;4;1
17;20192;M;1;TULUÁ;20;-;NO DESERTOR;NO;0;DOS SALARIOS MÍNIMOS O MENOS;NO;48,4;0;6;5;1
17;20121;M;8;ANDALUCÍA;28;-;NO DESERTOR;NO;0;DOS SALARIOS MÍNIMOS O MENOS;NO;54,73;0;5;4;1
17;20192;M;6;TULUÁ;26;-;NO DESERTOR;SI;0;MAS DE 2 Y MENOS DE 4 SALARIOS MINIMOS;NO;37,05;1;6;5;1
17;20121;F;8;TULUÁ;23;-;NO DESERTOR;NO;0;MAS DE 2 Y MENOS DE 4 SALARIOS MINIMOS;NO;54,72;0;5;4;1
17;20192;F;5;RIOFRÍO;21;-;NO DESERTOR;NO;0;NO DEFINIDO;NO;60,55;0;7;6;1
17;20121;F;9;RIOFRÍO;25;-;NO DESERTOR;NO;0;MAS DE 2 Y MENOS DE 4 SALARIOS MINIMOS;NO;41,75;0;5;4;1
17;20121;F;8;TULUÁ;22;-;NO DESERTOR;NO;1;DOS SALARIOS MÍNIMOS O MENOS;NO;58,65;0;7;6;1
17;20192;F;5;TULUÁ;21;-;NO DESERTOR;NO;0;MAS DE 2 Y MENOS DE 4 SALARIOS MINIMOS;NO;61,72;0;7;5;2
17;20121;F;7;TULUÁ;22;-;NO DESERTOR;NO;0;MAS DE 2 Y MENOS DE 4 SALARIOS MINIMOS;NO;55,15;0;5;4;1
17;20121;F;9;TULUÁ;24;-;NO DESERTOR;NO;0;MAS DE 4 Y MENOS DE 6 SALARIOS MINIMOS;NO;49,56;0;5;4;1
17;20121;F;5;TULUÁ;21;-;NO DESERTOR;NO;0;MAS DE 2 Y MENOS DE 4 SALARIOS MINIMOS;NO;51,93;0;6;4;2
17;20192;F;3;TULUÁ;19;-;NO DESERTOR;NO;0;DOS SALARIOS MÍNIMOS O MENOS;NO;68,54;0;8;7;1
17;20192;M;3;TULUÁ;22;-;NO DESERTOR;NO;0;MAS DE 2 Y MENOS DE 4 SALARIOS MINIMOS;NO;40,05;1;5;4;1
17;20192;F;6;TULUÁ;22;-;NO DESERTOR;NO;0;MAS DE 2 Y MENOS DE 4 SALARIOS MINIMOS;NO;44,6;0;5;4;1
17;20192;F;5;ANDALUCÍA;20;-;NO DESERTOR;NO;0;NO DEFINIDO;NO;53,55;0;5;4;1
17;20192;F;3;TULUÁ;26;-;NO DESERTOR;NO;0;MAS DE 2 Y MENOS DE 4 SALARIOS MINIMOS;NO;49,89;1;5;4;1
17;20192;M;3;BUENAVENTURA;20;-;NO DESERTOR;NO;0;DOS SALARIOS MÍNIMOS O MENOS;NO;63,3;1;4;3;1
17;20121;M;1;TULUÁ;44;-;NO DESERTOR;NO;0;NO DEFINIDO;NO;50,95;0;0;0;0
17;20121;M;6;ANDALUCÍA;23;-;NO DESERTOR;NO;0;MAS DE 2 Y MENOS DE 4 SALARIOS MINIMOS;NO;58,51;1;3;2;1
17;20192;M;2;BUENAVENTURA;19;-;NO DESERTOR;NO;0;MAS DE 2 Y MENOS DE 4 SALARIOS MINIMOS;NO;36,29;1;5;4;1
17;20121;M;8;TULUÁ;25;-;NO DESERTOR;NO;0;MAS DE 2 Y MENOS DE 4 SALARIOS MINIMOS;NO;52,87;0;5;4;1
17;20121;M;1;TULUÁ;42;-;NO DESERTOR;NO;0;NO DEFINIDO;NO;50,95;0;1;0;1
17;20121;M;8;PALMIRA;26;-;NO DESERTOR;NO;0;MAS DE 4 Y MENOS DE 6 SALARIOS MINIMOS;NO;46,24;0;9;6;3
17;20121;F;9;TULUÁ;26;-;NO DESERTOR;NO;0;MAS DE 2 Y MENOS DE 4 SALARIOS MINIMOS;NO;48,38;0;6;4;2
17;20192;M;6;TULUÁ;22;-;NO DESERTOR;NO;0;MAS DE 8 SALARIOS MINIMOS;NO;62,62;0;6;5;1
17;20192;F;1;TULUÁ;19;-;NO DESERTOR;NO;0;DOS SALARIOS MÍNIMOS O MENOS;NO;52,23;0;4;3;1
17;20192;F;4;ANDALUCÍA;21;-;NO DESERTOR;NO;0;MAS DE 2 Y MENOS DE 4 SALARIOS MINIMOS;NO;70,56;0;4;3;1
17;20192;M;3;GUADALAJARA DE BUGA;23;-;NO DESERTOR;NO;0;DOS SALARIOS MÍNIMOS O MENOS;NO;69,12;0;5;4;1
17;20192;M;5;TULUÁ;21;-;NO DESERTOR;NO;0;DOS SALARIOS MÍNIMOS O MENOS;NO;55,32;0;5;4;1
17;20121;M;9;GUADALAJARA DE BUGA;23;-;NO DESERTOR;NO;1;MAS DE 2 Y MENOS DE 4 SALARIOS MINIMOS;NO;65,44;0;6;4;2
17;20192;M;4;TULUÁ;21;-;NO DESERTOR;NO;1;NO DEFINIDO;NO;55,44;1;5;4;1
17;20192;M;3;BUENAVENTURA;20;-;NO DESERTOR;NO;2;MAS DE 2 Y MENOS DE 4 SALARIOS MINIMOS;NO;47,12;1;6;5;1
17;20121;M;10;TULUÁ;29;-;NO DESERTOR;NO;0;NO DEFINIDO;Si;56,52;3;2;1;1
17;20121;M;9;TULUÁ;23;-;NO DESERTOR;NO;0;MAS DE 2 Y MENOS DE 4 SALARIOS MINIMOS;NO;51,05;1;4;3;1
17;20192;M;2;ANDALUCÍA;22;-;NO DESERTOR;NO;2;DOS SALARIOS MÍNIMOS O MENOS;NO;54,02;0;5;4;1
17;20192;M;2;ROLDANILLO;20;-;NO DESERTOR;NO;0;MAS DE 2 Y MENOS DE 4 SALARIOS MINIMOS;NO;44,51;1;5;4;1
17;20121;M;10;TULUÁ;23;-;NO DESERTOR;NO;0;MAS DE 2 Y MENOS DE 4 SALARIOS MINIMOS;Si;58,46;0;6;5;1
17;20121;M;9;TULUÁ;24;-;NO DESERTOR;SI;0;MAS DE 2 Y MENOS DE 4 SALARIOS MINIMOS;NO;55,05;0;5;4;1
17;20192;M;3;BUENAVENTURA;19;-;NO DESERTOR;NO;0;MAS DE 2 Y MENOS DE 4 SALARIOS MINIMOS;NO;44,71;1;4;3;1
17;20192;F;1;SAN LORENZO - TULUÁ;19;-;NO DESERTOR;NO;0;DOS SALARIOS MÍNIMOS O MENOS;NO;44,83;0;7;6;1
17;20192;M;1;BOCAS DE TULUÁ - TULUÁ;19;-;NO DESERTOR;NO;0;MAS DE 2 Y MENOS DE 4 SALARIOS MINIMOS;NO;53,1;1;4;3;1
17;20192;M;2;BUENAVENTURA;20;-;NO DESERTOR;NO;0;DOS SALARIOS MÍNIMOS O MENOS;NO;50,46;1;5;4;1
17;20121;M;9;TULUÁ;21;-;NO DESERTOR;NO;0;MAS DE 2 Y MENOS DE 4 SALARIOS MINIMOS;NO;47,93;0;6;5;1
17;20121;M;8;TULUÁ;22;-;NO DESERTOR;NO;0;DOS SALARIOS MÍNIMOS O MENOS;NO;57,06;0;8;7;1
17;20121;M;7;TULUÁ;22;-;NO DESERTOR;NO;0;DOS SALARIOS MÍNIMOS O MENOS;NO;50,95;0;7;6;1
17;20192;M;6;TULUÁ;22;-;NO DESERTOR;NO;1;DOS SALARIOS MÍNIMOS O MENOS;NO;48,88;0;4;3;1
17;20192;M;1;TULUÁ;19;-;NO DESERTOR;NO;2;MAS DE 4 Y MENOS DE 6 SALARIOS MINIMOS;NO;64,77;0;4;3;1
17;20192;F;1;TULUÁ;18;-;NO DESERTOR;NO;0;DOS SALARIOS MÍNIMOS O MENOS;NO;45,64;1;6;5;1
17;20192;M;1;TULUÁ;18;INACTIVIDAD ACADEMICA;DESERTOR;NO;0;MAS DE 2 Y MENOS DE 4 SALARIOS MINIMOS;NO;45,96;0;4;3;1
17;20121;M;7;TULUÁ;23;-;NO DESERTOR;NO;0;MAS DE 4 Y MENOS DE 6 SALARIOS MINIMOS;NO;58,38;0;6;5;1
17;20192;M;5;TULUÁ;22;-;NO DESERTOR;NO;0;MAS DE 2 Y MENOS DE 4 SALARIOS MINIMOS;NO;60,02;0;5;4;1
17;20192;M;1;RIOFRÍO;18;-;NO DESERTOR;NO;1;DOS SALARIOS MÍNIMOS O MENOS;NO;53,75;0;5;3;2
17;20192;M;1;CALI;22;-;NO DESERTOR;SI;1;MAS DE 2 Y MENOS DE 4 SALARIOS MINIMOS;NO;45,52;0;4;3;1
17;20192;M;1;TULUÁ;20;-;NO DESERTOR;SI;0;MAS DE 2 Y MENOS DE 4 SALARIOS MINIMOS;NO;44,82;1;6;5;1
17;20121;M;9;TULUÁ;25;-;NO DESERTOR;NO;1;MAS DE 4 Y MENOS DE 6 SALARIOS MINIMOS;NO;52,08;1;4;3;1
17;20121;M;6;TULUÁ;22;-;NO DESERTOR;NO;1;DOS SALARIOS MÍNIMOS O MENOS;NO;53,39;0;8;7;1
17;20192;M;6;TULUÁ;22;-;NO DESERTOR;NO;0;NO DEFINIDO;NO;59,06;0;8;6;2
17;20192;M;3;ANDALUCÍA;19;INACTIVIDAD ACADEMICA;DESERTOR;NO;0;DOS SALARIOS MÍNIMOS O MENOS;NO;38,93;1;5;4;1
17;20192;M;2;GUACARÍ;19;-;NO DESERTOR;NO;0;MAS DE 4 Y MENOS DE 6 SALARIOS MINIMOS;NO;60,74;0;5;4;1
17;20192;M;2;ANDALUCÍA;19;-;NO DESERTOR;NO;0;DOS SALARIOS MÍNIMOS O MENOS;NO;60,46;0;5;4;1
17;20121;M;9;TRUJILLO;22;-;NO DESERTOR;NO;0;MAS DE 2 Y MENOS DE 4 SALARIOS MINIMOS;NO;56,55;0;5;4;1
17;20121;M;7;TULUÁ;23;-;NO DESERTOR;NO;0;MAS DE 2 Y MENOS DE 4 SALARIOS MINIMOS;NO;52,14;1;6;5;1
17;20192;M;2;TULUÁ;20;-;NO DESERTOR;NO;0;NO DEFINIDO;NO;47,98;1;6;5;1
17;20192;M;5;TULUÁ;20;-;NO DESERTOR;NO;1;MAS DE 2 Y MENOS DE 4 SALARIOS MINIMOS;NO;48,79;0;4;3;1
17;20192;M;3;TULUÁ;22;-;NO DESERTOR;NO;0;MAS DE 2 Y MENOS DE 4 SALARIOS MINIMOS;NO;50,44;0;8;7;1
17;20192;M;1;TULUÁ;19;INACTIVIDAD ACADEMICA;DESERTOR;NO;0;MAS DE 2 Y MENOS DE 4 SALARIOS MINIMOS;NO;44,52;6;3;2;1
17;20121;M;6;TULUÁ;21;-;NO DESERTOR;NO;0;MAS DE 4 Y MENOS DE 6 SALARIOS MINIMOS;NO;50,95;0;8;6;2
17;20121;M;6;TULUÁ;23;-;NO DESERTOR;NO;2;MAS DE 4 Y MENOS DE 6 SALARIOS MINIMOS;NO;48,01;0;5;4;1
17;20192;M;2;TULUÁ;21;-;NO DESERTOR;NO;0;MAS DE 2 Y MENOS DE 4 SALARIOS MINIMOS;NO;47,03;1;5;4;1
17;20192;M;1;TULUÁ;20;-;NO DESERTOR;NO;0;NO DEFINIDO;NO;50,95;0;1;0;1
17;20121;M;6;GUADALAJARA DE BUGA;22;-;NO DESERTOR;NO;0;MAS DE 2 Y MENOS DE 4 SALARIOS MINIMOS;NO;58,87;1;7;5;2
17;20192;M;4;TULUÁ;22;-;NO DESERTOR;NO;0;MAS DE 4 Y MENOS DE 6 SALARIOS MINIMOS;NO;64,53;0;5;3;2
17;20192;M;3;SAN PEDRO;18;-;NO DESERTOR;NO;0;DOS SALARIOS MÍNIMOS O MENOS;NO;64,7;0;5;4;1
17;20192;M;3;TULUÁ;20;-;NO DESERTOR;NO;4;DOS SALARIOS MÍNIMOS O MENOS;NO;46,59;1;5;4;1
17;20192;M;1;GUADALAJARA DE BUGA;19;-;NO DESERTOR;NO;0;MAS DE 2 Y MENOS DE 4 SALARIOS MINIMOS;NO;53,28;0;6;5;1
17;20192;M;1;TULUÁ;18;-;NO DESERTOR;NO;0;DOS SALARIOS MÍNIMOS O MENOS;NO;49,14;1;4;3;1
17;20192;M;1;TULUÁ;18;-;NO DESERTOR;NO;2;MAS DE 4 Y MENOS DE 6 SALARIOS MINIMOS;NO;45,73;0;4;3;1
17;20121;M;8;ANDALUCÍA;23;-;NO DESERTOR;NO;0;DOS SALARIOS MÍNIMOS O MENOS;NO;61,27;1;5;4;1
17;20192;M;5;TULUÁ;22;-;NO DESERTOR;NO;2;DOS SALARIOS MÍNIMOS O MENOS;NO;50,53;0;6;5;1
17;20121;M;8;BUENAVENTURA;23;-;NO DESERTOR;NO;0;DOS SALARIOS MÍNIMOS O MENOS;NO;52,92;0;8;5;3
17;20192;M;2;BUENAVENTURA;19;-;NO DESERTOR;NO;0;MAS DE 2 Y MENOS DE 4 SALARIOS MINIMOS;NO;59,04;1;5;4;1
17;20192;M;2;GUADALAJARA DE BUGA;18;-;NO DESERTOR;NO;2;DOS SALARIOS MÍNIMOS O MENOS;NO;57,31;0;5;4;1
17;20121;M;8;TULUÁ;25;-;NO DESERTOR;NO;0;DOS SALARIOS MÍNIMOS O MENOS;NO;56,29;0;8;7;1
17;20121;F;10;GUADALAJARA DE BUGA;29;-;NO DESERTOR;NO;0;DOS SALARIOS MÍNIMOS O MENOS;NO;53,12;0;3;1;2
17;20121;F;10;TULUÁ;22;-;NO DESERTOR;NO;0;MAS DE 2 Y MENOS DE 4 SALARIOS MINIMOS;Si;61,49;1;6;5;1
17;20121;M;9;BUGALAGRANDE;22;-;NO DESERTOR;NO;0;MAS DE 2 Y MENOS DE 4 SALARIOS MINIMOS;NO;41,51;1;5;4;1
17;20121;M;7;TULUÁ;22;-;NO DESERTOR;NO;0;DOS SALARIOS MÍNIMOS O MENOS;NO;63,8;0;5;4;1
17;20121;M;5;TULUÁ;21;-;NO DESERTOR;NO;2;DOS SALARIOS MÍNIMOS O MENOS;NO;50,95;0;8;7;1
17;20192;M;6;ANDALUCÍA;22;-;NO DESERTOR;NO;0;DOS SALARIOS MÍNIMOS O MENOS;NO;43,83;0;6;5;1
17;20192;M;2;TULUÁ;20;-;NO DESERTOR;NO;0;DOS SALARIOS MÍNIMOS O MENOS;NO;62,86;0;5;4;1
17;20121;M;9;TULUÁ;25;-;NO DESERTOR;NO;0;DOS SALARIOS MÍNIMOS O MENOS;NO;53,58;0;5;4;1
17;20192;F;1;TULUÁ;21;-;NO DESERTOR;NO;1;DOS SALARIOS MÍNIMOS O MENOS;NO;43,82;0;5;4;1
17;20192;F;1;GUACARÍ - GUACARÍ;20;-;NO DESERTOR;NO;2;DOS SALARIOS MÍNIMOS O MENOS;NO;43,52;1;7;6;1
17;20192;F;1;GUADALAJARA DE BUGA;20;-;NO DESERTOR;NO;0;DOS SALARIOS MÍNIMOS O MENOS;NO;44,7;0;4;3;1
17;20192;M;1;TULUÁ;19;-;NO DESERTOR;NO;0;DOS SALARIOS MÍNIMOS O MENOS;NO;46,23;1;4;3;1
17;20121;F;9;BUGALAGRANDE;22;-;NO DESERTOR;NO;0;MAS DE 4 Y MENOS DE 6 SALARIOS MINIMOS;NO;56,54;0;6;5;1
17;20121;F;9;GUADALAJARA DE BUGA;22;-;NO DESERTOR;NO;0;MAS DE 2 Y MENOS DE 4 SALARIOS MINIMOS;NO;58,2;0;4;3;1
17;20121;F;8;ROLDANILLO;26;-;NO DESERTOR;NO;0;MAS DE 4 Y MENOS DE 6 SALARIOS MINIMOS;NO;50,21;0;4;3;1
17;20121;F;7;TULUÁ;21;-;NO DESERTOR;NO;0;MAS DE 2 Y MENOS DE 4 SALARIOS MINIMOS;NO;75,77;0;7;6;1
17;20192;F;2;TULUÁ;21;-;NO DESERTOR;NO;0;DOS SALARIOS MÍNIMOS O MENOS;NO;57,99;0;5;4;1
17;20121;M;6;TULUÁ;21;-;NO DESERTOR;NO;0;MAS DE 2 Y MENOS DE 4 SALARIOS MINIMOS;NO;49,08;1;8;7;1
17;20192;F;1;TULUÁ;18;-;NO DESERTOR;NO;0;DOS SALARIOS MÍNIMOS O MENOS;NO;49,17;1;6;5;1
17;20121;F;6;TULUÁ;22;-;NO DESERTOR;NO;2;DOS SALARIOS MÍNIMOS O MENOS;NO;51,61;1;5;4;1
17;20192;F;1;SAN PEDRO - SAN PEDRO;22;-;NO DESERTOR;NO;0;DOS SALARIOS MÍNIMOS O MENOS;NO;51,23;0;4;3;1
17;20192;F;2;TULUÁ;20;-;NO DESERTOR;NO;0;DOS SALARIOS MÍNIMOS O MENOS;NO;52,29;1;7;6;1
17;20192;F;1;TULUÁ;19;-;NO DESERTOR;NO;0;DOS SALARIOS MÍNIMOS O MENOS;NO;41,37;0;6;5;1
17;20192;F;3;TULUÁ;20;-;NO DESERTOR;NO;0;DOS SALARIOS MÍNIMOS O MENOS;NO;50,46;1;5;4;1
17;20121;F;9;TULUÁ;33;-;NO DESERTOR;NO;0;NO DEFINIDO;NO;50,95;0;5;4;1
17;20192;M;3;TULUÁ;20;-;NO DESERTOR;NO;0;MAS DE 2 Y MENOS DE 4 SALARIOS MINIMOS;NO;59,55;0;5;4;1
17;20192;F;5;ANDALUCÍA;21;-;NO DESERTOR;NO;0;DOS SALARIOS MÍNIMOS O MENOS;NO;63,33;0;5;4;1
17;20121;F;7;TULUÁ;22;-;NO DESERTOR;NO;0;DOS SALARIOS MÍNIMOS O MENOS;NO;72,25;0;7;6;1
17;20192;F;2;ANDALUCÍA;20;-;NO DESERTOR;NO;0;DOS SALARIOS MÍNIMOS O MENOS;NO;41,83;1;5;4;1
17;20192;F;4;BUENAVENTURA;22;-;NO DESERTOR;NO;0;DOS SALARIOS MÍNIMOS O MENOS;NO;63,61;0;4;3;1
17;20192;F;1;TULUÁ;18;-;NO DESERTOR;NO;0;DOS SALARIOS MÍNIMOS O MENOS;NO;43,67;0;7;6;1
17;20121;F;7;TULUÁ;21;-;NO DESERTOR;NO;0;NO DEFINIDO;NO;56,7;0;8;7;1
17;20192;F;2;TULUÁ;30;INACTIVIDAD ACADEMICA;DESERTOR;SI;1;MAS DE 4 Y MENOS DE 6 SALARIOS MINIMOS;NO;58,12;1;5;4;1
17;20192;M;2;TULUÁ;20;-;NO DESERTOR;NO;0;DOS SALARIOS MÍNIMOS O MENOS;NO;53,79;0;5;4;1
17;20121;F;9;GUADALAJARA DE BUGA;22;-;NO DESERTOR;NO;0;DOS SALARIOS MÍNIMOS O MENOS;NO;47,5;0;6;5;1
17;20192;F;2;TULUÁ;19;-;NO DESERTOR;NO;0;MAS DE 2 Y MENOS DE 4 SALARIOS MINIMOS;NO;57,61;1;7;6;1
17;20192;F;1;TULUÁ;24;-;NO DESERTOR;SI;0;DOS SALARIOS MÍNIMOS O MENOS;NO;43,46;0;6;5;1
17;20121;F;4;TULUÁ;21;INACTIVIDAD ACADEMICA;DESERTOR;NO;0;MAS DE 4 Y MENOS DE 6 SALARIOS MINIMOS;NO;56,72;1;7;6;1
17;20192;M;5;GUADALAJARA DE BUGA;21;-;NO DESERTOR;NO;0;MAS DE 2 Y MENOS DE 4 SALARIOS MINIMOS;NO;52,65;0;7;6;1
17;20121;M;9;TULUÁ;23;-;NO DESERTOR;NO;0;DOS SALARIOS MÍNIMOS O MENOS;Si;60,95;0;6;5;1
17;20192;M;3;TULUÁ;19;-;NO DESERTOR;NO;0;DOS SALARIOS MÍNIMOS O MENOS;NO;42,05;0;5;4;1
17;20192;M;1;TULUÁ;18;-;NO DESERTOR;NO;2;MAS DE 2 Y MENOS DE 4 SALARIOS MINIMOS;NO;40,95;1;4;3;1
17;20121;M;10;SAN PEDRO;25;INACTIVIDAD ACADEMICA;DESERTOR;NO;0;MAS DE 2 Y MENOS DE 4 SALARIOS MINIMOS;NO;45,13;0;4;3;1
17;20192;M;6;ANDALUCÍA;21;-;NO DESERTOR;NO;0;MAS DE 2 Y MENOS DE 4 SALARIOS MINIMOS;NO;59,02;0;6;5;1
17;20192;M;2;TULUÁ;23;-;NO DESERTOR;NO;1;DOS SALARIOS MÍNIMOS O MENOS;NO;59,19;0;6;5;1
17;20121;F;9;TRUJILLO;25;-;NO DESERTOR;NO;0;DOS SALARIOS MÍNIMOS O MENOS;Si;42,22;0;5;4;1
17;20121;F;9;TULUÁ;23;-;NO DESERTOR;NO;0;MAS DE 2 Y MENOS DE 4 SALARIOS MINIMOS;NO;48,45;0;5;3;2
17;20121;M;9;EL CERRITO;22;-;NO DESERTOR;NO;0;MAS DE 4 Y MENOS DE 6 SALARIOS MINIMOS;NO;49,7;1;6;5;1
17;20121;F;7;TULUÁ;22;-;NO DESERTOR;NO;0;NO DEFINIDO;NO;55,25;0;9;8;1
17;20192;F;2;GUADALAJARA DE BUGA;22;-;NO DESERTOR;NO;0;DOS SALARIOS MÍNIMOS O MENOS;NO;61,33;1;5;4;1
17;20121;F;9;TULUÁ;24;-;NO DESERTOR;NO;0;MAS DE 2 Y MENOS DE 4 SALARIOS MINIMOS;NO;60,99;0;5;4;1
17;20121;F;6;TULUÁ;22;-;NO DESERTOR;NO;0;DOS SALARIOS MÍNIMOS O MENOS;NO;57,55;1;8;7;1
17;20192;F;5;TULUÁ;22;-;NO DESERTOR;NO;0;MAS DE 2 Y MENOS DE 4 SALARIOS MINIMOS;NO;61,62;0;9;5;4
17;20192;F;5;TULUÁ;20;-;NO DESERTOR;NO;0;MAS DE 2 Y MENOS DE 4 SALARIOS MINIMOS;NO;58,54;0;6;5;1
17;20192;F;2;BUGALAGRANDE;21;-;NO DESERTOR;NO;0;DOS SALARIOS MÍNIMOS O MENOS;NO;62,55;1;7;6;1
17;20192;F;2;TULUÁ;22;-;NO DESERTOR;NO;0;DOS SALARIOS MÍNIMOS O MENOS;NO;60,15;1;5;4;1
17;20192;F;6;GUADALAJARA DE BUGA;21;-;NO DESERTOR;NO;0;MAS DE 2 Y MENOS DE 4 SALARIOS MINIMOS;NO;54,67;0;7;6;1
17;20192;F;5;TULUÁ;21;-;NO DESERTOR;NO;0;DOS SALARIOS MÍNIMOS O MENOS;NO;58,07;0;7;6;1
17;20192;F;2;TULUÁ;20;-;NO DESERTOR;NO;1;DOS SALARIOS MÍNIMOS O MENOS;NO;60,5;1;4;3;1
17;20192;F;3;TULUÁ;18;-;NO DESERTOR;NO;0;MAS DE 2 Y MENOS DE 4 SALARIOS MINIMOS;NO;49,45;0;5;4;1
17;20192;F;3;TULUÁ;20;-;NO DESERTOR;NO;0;DOS SALARIOS MÍNIMOS O MENOS;NO;44,52;0;6;4;2
17;20192;F;2;GUADALAJARA DE BUGA;20;-;NO DESERTOR;NO;0;DOS SALARIOS MÍNIMOS O MENOS;NO;54,51;1;5;4;1
17;20192;F;5;SAN PEDRO;20;-;NO DESERTOR;NO;0;MAS DE 2 Y MENOS DE 4 SALARIOS MINIMOS;NO;52,01;0;7;5;2
17;20192;F;2;EL CERRITO;19;-;NO DESERTOR;NO;0;DOS SALARIOS MÍNIMOS O MENOS;NO;60,78;0;5;4;1
17;20121;F;9;GUADALAJARA DE BUGA;24;-;NO DESERTOR;NO;1;DOS SALARIOS MÍNIMOS O MENOS;NO;45,83;1;7;6;1
17;20121;F;9;ANDALUCÍA;27;-;NO DESERTOR;NO;0;DOS SALARIOS MÍNIMOS O MENOS;NO;42,41;0;6;5;1
17;20192;F;2;TULUÁ;22;-;NO DESERTOR;NO;0;DOS SALARIOS MÍNIMOS O MENOS;NO;60,8;0;5;4;1
17;20121;F;5;BUGALAGRANDE;22;-;NO DESERTOR;NO;1;DOS SALARIOS MÍNIMOS O MENOS;NO;49,87;1;5;4;1
17;20121;F;7;TULUÁ;23;-;NO DESERTOR;NO;0;DOS SALARIOS MÍNIMOS O MENOS;NO;44,75;0;5;4;1
17;20192;M;5;TULUÁ;20;-;NO DESERTOR;NO;2;MAS DE 2 Y MENOS DE 4 SALARIOS MINIMOS;NO;62,22;0;5;4;1
17;20121;M;6;TULUÁ;23;-;NO DESERTOR;NO;0;MAS DE 2 Y MENOS DE 4 SALARIOS MINIMOS;NO;65,39;0;4;3;1
17;20192;F;2;ANDALUCÍA;20;-;NO DESERTOR;NO;0;DOS SALARIOS MÍNIMOS O MENOS;NO;62,4;0;5;4;1
17;20192;M;2;TULUÁ;19;-;NO DESERTOR;NO;0;DOS SALARIOS MÍNIMOS O MENOS;NO;64,21;1;5;4;1
17;20121;F;10;ANDALUCÍA;24;INACTIVIDAD ACADEMICA;DESERTOR;NO;0;DOS SALARIOS MÍNIMOS O MENOS;NO;67,5;0;6;5;1
17;20192;F;4;ANDALUCÍA;20;-;NO DESERTOR;NO;0;MAS DE 2 Y MENOS DE 4 SALARIOS MINIMOS;NO;70,39;0;5;4;1
17;20192;F;3;TULUÁ;19;-;NO DESERTOR;NO;0;MAS DE 4 Y MENOS DE 6 SALARIOS MINIMOS;NO;48,38;0;7;6;1
17;20121;F;8;TULUÁ;23;-;NO DESERTOR;NO;0;DOS SALARIOS MÍNIMOS O MENOS;NO;58,43;0;7;6;1
17;20192;F;6;TULUÁ;21;-;NO DESERTOR;NO;1;NO DEFINIDO;NO;43,35;1;6;5;1
17;20192;F;3;TULUÁ;19;-;NO DESERTOR;NO;0;DOS SALARIOS MÍNIMOS O MENOS;NO;48,34;1;6;5;1
17;20192;M;1;TULUÁ;19;-;NO DESERTOR;NO;0;DOS SALARIOS MÍNIMOS O MENOS;NO;42,45;1;5;4;1
17;20192;F;1;TULUÁ;18;-;NO DESERTOR;NO;1;MAS DE 2 Y MENOS DE 4 SALARIOS MINIMOS;NO;58,19;0;7;5;2
17;20121;M;7;TULUÁ;22;-;NO DESERTOR;NO;0;MAS DE 4 Y MENOS DE 6 SALARIOS MINIMOS;NO;49,97;1;6;5;1
17;20192;F;1;TULUÁ;19;INACTIVIDAD ACADEMICA;DESERTOR;SI;1;DOS SALARIOS MÍNIMOS O MENOS;NO;43,09;2;3;2;1
17;20121;F;7;TULUÁ;21;-;NO DESERTOR;NO;0;DOS SALARIOS MÍNIMOS O MENOS;NO;64,81;0;8;7;1
17;20192;M;2;GUADALAJARA DE BUGA;18;-;NO DESERTOR;NO;0;DOS SALARIOS MÍNIMOS O MENOS;NO;54,07;1;5;4;1
17;20192;M;3;BUGALAGRANDE;21;INACTIVIDAD ACADEMICA;DESERTOR;NO;0;MAS DE 2 Y MENOS DE 4 SALARIOS MINIMOS;NO;39,02;1;5;4;1
17;20192;M;3;GUADALAJARA DE BUGA;21;-;NO DESERTOR;NO;2;MAS DE 2 Y MENOS DE 4 SALARIOS MINIMOS;NO;38,31;0;7;6;1
17;20192;M;2;GUADALAJARA DE BUGA;18;-;NO DESERTOR;NO;0;DOS SALARIOS MÍNIMOS O MENOS;NO;52,23;1;5;4;1
17;20121;M;6;ANDALUCÍA;20;-;NO DESERTOR;NO;0;MAS DE 2 Y MENOS DE 4 SALARIOS MINIMOS;NO;47,95;0;6;5;1
17;20121;F;5;TULUÁ;21;-;NO DESERTOR;NO;0;DOS SALARIOS MÍNIMOS O MENOS;NO;42,9;0;4;3;1
17;20121;M;10;TULUÁ;23;INACTIVIDAD ACADEMICA;DESERTOR;NO;0;MAS DE 2 Y MENOS DE 4 SALARIOS MINIMOS;NO;61,42;1;6;5;1
17;20121;M;10;TRUJILLO;23;INACTIVIDAD ACADEMICA;DESERTOR;NO;0;MAS DE 2 Y MENOS DE 4 SALARIOS MINIMOS;NO;54,77;1;6;5;1
17;20192;M;5;GUADALAJARA DE BUGA;21;INACTIVIDAD ACADEMICA;DESERTOR;NO;0;MAS DE 2 Y MENOS DE 4 SALARIOS MINIMOS;NO;50,95;0;1;0;1
17;20121;M;8;TULUÁ;22;-;NO DESERTOR;NO;0;DOS SALARIOS MÍNIMOS O MENOS;NO;55,68;0;5;4;1
17;20192;M;2;TULUÁ;19;-;NO DESERTOR;NO;0;DOS SALARIOS MÍNIMOS O MENOS;NO;40,42;1;5;4;1
17;20121;M;8;ANDALUCÍA;22;-;NO DESERTOR;NO;0;DOS SALARIOS MÍNIMOS O MENOS;NO;56,26;0;6;4;2
17;20192;M;5;TULUÁ;21;-;NO DESERTOR;NO;0;DOS SALARIOS MÍNIMOS O MENOS;NO;63,62;0;6;5;1
17;20192;M;5;GUADALAJARA DE BUGA;20;-;NO DESERTOR;NO;0;MAS DE 2 Y MENOS DE 4 SALARIOS MINIMOS;NO;51,06;0;6;5;1
17;20192;M;3;TULUÁ;23;-;NO DESERTOR;NO;0;MAS DE 6 Y MENOS DE 8 SALARIOS MINIMOS;NO;53,03;0;5;4;1
17;20192;M;3;TULUÁ;19;-;NO DESERTOR;NO;0;MAS DE 2 Y MENOS DE 4 SALARIOS MINIMOS;NO;51,08;0;5;4;1
17;20121;M;10;TULUÁ;28;-;NO DESERTOR;NO;0;MAS DE 2 Y MENOS DE 4 SALARIOS MINIMOS;NO;40;0;4;3;1
17;20121;F;10;TULUÁ;24;INACTIVIDAD ACADEMICA;DESERTOR;SI;2;MAS DE 2 Y MENOS DE 4 SALARIOS MINIMOS;NO;54,97;0;6;5;1
17;20121;M;10;GINEBRA;23;INACTIVIDAD ACADEMICA;DESERTOR;NO;0;DOS SALARIOS MÍNIMOS O MENOS;NO;59,83;0;6;5;1
17;20121;M;9;TULUÁ;23;-;NO DESERTOR;NO;1;DOS SALARIOS MÍNIMOS O MENOS;NO;55,91;0;5;4;1
17;20121;M;9;TULUÁ;27;-;NO DESERTOR;NO;0;DOS SALARIOS MÍNIMOS O MENOS;NO;48,08;0;2;1;1
17;20121;M;6;ANDALUCÍA;27;-;NO DESERTOR;NO;0;MAS DE 2 Y MENOS DE 4 SALARIOS MINIMOS;NO;43,34;1;4;3;1
17;20192;M;5;BUGALAGRANDE;20;-;NO DESERTOR;NO;0;MAS DE 2 Y MENOS DE 4 SALARIOS MINIMOS;NO;52,89;0;6;5;1
17;20121;M;10;ANDALUCÍA;24;INACTIVIDAD ACADEMICA;DESERTOR;NO;2;MAS DE 8 SALARIOS MINIMOS;NO;49,08;1;8;7;1
17;20192;F;1;ROLDANILLO;20;-;NO DESERTOR;SI;0;DOS SALARIOS MÍNIMOS O MENOS;NO;37,38;1;5;4;1
17;20121;M;9;CALI;24;-;NO DESERTOR;NO;0;MAS DE 4 Y MENOS DE 6 SALARIOS MINIMOS;NO;52,27;0;7;6;1
17;20121;F;9;TULUÁ;23;-;NO DESERTOR;NO;0;MAS DE 2 Y MENOS DE 4 SALARIOS MINIMOS;NO;51,45;0;5;4;1
17;20192;F;1;TULUÁ;18;-;NO DESERTOR;NO;0;DOS SALARIOS MÍNIMOS O MENOS;NO;59,89;0;4;3;1
17;20121;F;10;TULUÁ;24;INACTIVIDAD ACADEMICA;DESERTOR;NO;0;MAS DE 2 Y MENOS DE 4 SALARIOS MINIMOS;NO;46,54;0;4;3;1
17;20192;M;4;TULUÁ;21;INACTIVIDAD ACADEMICA;DESERTOR;NO;0;DOS SALARIOS MÍNIMOS O MENOS;NO;57,3;0;4;3;1
17;20192;F;3;ZARZAL;20;-;NO DESERTOR;NO;0;MAS DE 2 Y MENOS DE 4 SALARIOS MINIMOS;NO;42,8;1;5;4;1
17;20121;M;9;GUADALAJARA DE BUGA;23;-;NO DESERTOR;NO;0;MAS DE 2 Y MENOS DE 4 SALARIOS MINIMOS;NO;58,09;0;5;4;1
17;20192;M;1;ALPUJARRA - ALPUJARRA;20;-;NO DESERTOR;NO;0;DOS SALARIOS MÍNIMOS O MENOS;NO;40,24;0;4;3;1
17;20192;F;1;TULUÁ;18;-;NO DESERTOR;NO;0;DOS SALARIOS MÍNIMOS O MENOS;NO;40;1;5;4;1
17;20192;M;1;AGUACLARA - TULUÁ;30;-;NO DESERTOR;SI;3;DOS SALARIOS MÍNIMOS O MENOS;NO;41,6;2;4;3;1
17;20121;F;10;TULUÁ;22;INACTIVIDAD ACADEMICA;DESERTOR;NO;0;DOS SALARIOS MÍNIMOS O MENOS;NO;48,03;0;4;3;1
17;20121;F;9;TULUÁ;24;-;NO DESERTOR;NO;0;MAS DE 6 Y MENOS DE 8 SALARIOS MINIMOS;NO;54,97;0;4;3;1
17;20121;F;9;TULUÁ;22;-;NO DESERTOR;NO;0;MAS DE 6 Y MENOS DE 8 SALARIOS MINIMOS;NO;52,04;0;5;4;1
17;20121;F;9;TULUÁ;23;-;NO DESERTOR;NO;0;DOS SALARIOS MÍNIMOS O MENOS;NO;64,81;0;4;3;1
17;20121;F;7;TULUÁ;22;-;NO DESERTOR;NO;0;DOS SALARIOS MÍNIMOS O MENOS;NO;57,26;0;5;4;1
17;20121;F;6;ANDALUCÍA;21;-;NO DESERTOR;NO;0;DOS SALARIOS MÍNIMOS O MENOS;NO;56,72;1;8;7;1
17;20192;F;1;TRUJILLO;18;-;NO DESERTOR;NO;0;DOS SALARIOS MÍNIMOS O MENOS;NO;43,63;0;4;3;1
17;20121;F;8;SAN PEDRO;25;-;NO DESERTOR;NO;0;DOS SALARIOS MÍNIMOS O MENOS;NO;45,05;1;5;4;1
17;20121;F;6;TULUÁ;25;-;NO DESERTOR;NO;2;MAS DE 4 Y MENOS DE 6 SALARIOS MINIMOS;NO;50,95;0;7;4;3
17;20121;F;8;GUACARÍ;21;-;NO DESERTOR;NO;1;DOS SALARIOS MÍNIMOS O MENOS;NO;65,02;0;8;6;2
17;20192;F;6;TULUÁ;23;-;NO DESERTOR;NO;0;DOS SALARIOS MÍNIMOS O MENOS;NO;60,55;0;6;5;1
17;20192;F;5;TULUÁ;20;-;NO DESERTOR;NO;2;MAS DE 2 Y MENOS DE 4 SALARIOS MINIMOS;NO;61,88;0;6;5;1
17;20192;F;4;GUADALAJARA DE BUGA;20;-;NO DESERTOR;NO;0;MAS DE 2 Y MENOS DE 4 SALARIOS MINIMOS;NO;59,93;0;4;3;1
17;20192;F;3;TULUÁ;20;-;NO DESERTOR;NO;0;DOS SALARIOS MÍNIMOS O MENOS;NO;50,22;0;5;4;1
17;20192;F;1;BUGALAGRANDE - BUGALAGRANDE;18;-;NO DESERTOR;NO;0;MAS DE 2 Y MENOS DE 4 SALARIOS MINIMOS;NO;60,74;0;6;5;1
17;20192;F;1;TULUÁ;18;-;NO DESERTOR;NO;2;MAS DE 2 Y MENOS DE 4 SALARIOS MINIMOS;NO;47,03;0;4;3;1
17;20192;F;2;TULUÁ;19;-;NO DESERTOR;NO;2;DOS SALARIOS MÍNIMOS O MENOS;NO;50,82;0;5;4;1
17;20192;F;6;TULUÁ;21;-;NO DESERTOR;NO;2;MAS DE 2 Y MENOS DE 4 SALARIOS MINIMOS;NO;55,79;0;7;6;1
17;20121;F;7;ANDALUCÍA;25;-;NO DESERTOR;NO;0;DOS SALARIOS MÍNIMOS O MENOS;NO;43,04;1;6;5;1
17;20121;M;6;TULUÁ;27;-;NO DESERTOR;SI;0;MAS DE 2 Y MENOS DE 4 SALARIOS MINIMOS;NO;42,56;1;6;5;1
17;20121;F;10;TULUÁ;24;INACTIVIDAD ACADEMICA;DESERTOR;NO;0;DOS SALARIOS MÍNIMOS O MENOS;NO;49,68;1;6;5;1
17;20121;M;8;ANDALUCÍA;23;-;NO DESERTOR;NO;2;MAS DE 2 Y MENOS DE 4 SALARIOS MINIMOS;NO;43,72;0;6;5;1
17;20121;M;9;TULUÁ;22;-;NO DESERTOR;NO;0;MAS DE 2 Y MENOS DE 4 SALARIOS MINIMOS;Si;55,31;0;7;5;2
17;20192;M;5;GUADALAJARA DE BUGA;21;-;NO DESERTOR;NO;0;DOS SALARIOS MÍNIMOS O MENOS;NO;48,66;0;4;3;1
17;20192;F;4;GUADALAJARA DE BUGA;18;-;NO DESERTOR;NO;0;MAS DE 2 Y MENOS DE 4 SALARIOS MINIMOS;NO;75,53;0;4;3;1
17;20121;M;10;GUADALAJARA DE BUGA;31;INACTIVIDAD ACADEMICA;DESERTOR;NO;1;MAS DE 2 Y MENOS DE 4 SALARIOS MINIMOS;NO;43,03;0;2;1;1
17;20121;F;10;TULUÁ;24;-;NO DESERTOR;NO;0;MAS DE 2 Y MENOS DE 4 SALARIOS MINIMOS;Si;44,13;0;6;5;1
17;20192;M;3;TULUÁ;19;-;NO DESERTOR;NO;0;MAS DE 2 Y MENOS DE 4 SALARIOS MINIMOS;NO;43,11;0;5;4;1
17;20121;F;9;TULUÁ;26;-;NO DESERTOR;NO;2;DOS SALARIOS MÍNIMOS O MENOS;NO;44,32;1;8;7;1
17;20192;F;1;AGUACLARA - TULUÁ;22;PERSONAL;DESERTOR;NO;0;DOS SALARIOS MÍNIMOS O MENOS;NO;49,71;0;7;6;1
17;20121;M;10;TULUÁ;27;INACTIVIDAD ACADEMICA;DESERTOR;NO;2;DOS SALARIOS MÍNIMOS O MENOS;NO;47,2;0;4;3;1
17;20192;M;2;TULUÁ;22;-;NO DESERTOR;NO;0;DOS SALARIOS MÍNIMOS O MENOS;NO;60,91;1;5;4;1
17;20192;F;3;TULUÁ;18;-;NO DESERTOR;NO;4;MAS DE 2 Y MENOS DE 4 SALARIOS MINIMOS;NO;51,57;0;7;6;1
17;20192;F;2;GUADALAJARA DE BUGA;18;-;NO DESERTOR;NO;0;MAS DE 2 Y MENOS DE 4 SALARIOS MINIMOS;NO;49,68;1;5;4;1
16;20192;M;2;BUENAVENTURA;18;-;NO DESERTOR;NO;0;MAS DE 2 Y MENOS DE 4 SALARIOS MINIMOS;NO;48,97;0;4;3;1
16;20192;F;2;TULUÁ;20;-;NO DESERTOR;NO;0;DOS SALARIOS MÍNIMOS O MENOS;NO;51,48;0;6;5;1
16;20192;F;2;TULUÁ;24;-;NO DESERTOR;NO;0;DOS SALARIOS MÍNIMOS O MENOS;NO;51,17;0;9;8;1
16;20121;M;8;TULUÁ;23;-;NO DESERTOR;NO;2;MAS DE 2 Y MENOS DE 4 SALARIOS MINIMOS;NO;52,71;0;4;3;1
16;20192;M;4;RIOFRÍO;21;-;NO DESERTOR;NO;0;MAS DE 4 Y MENOS DE 6 SALARIOS MINIMOS;NO;60,41;0;8;6;2
16;20192;M;1;BUGALAGRANDE;19;-;NO DESERTOR;NO;2;MAS DE 2 Y MENOS DE 4 SALARIOS MINIMOS;NO;53,95;0;6;4;2
16;20121;F;10;TULUÁ;24;-;NO DESERTOR;NO;0;MAS DE 2 Y MENOS DE 4 SALARIOS MINIMOS;Si;52,66;0;6;5;1
16;20192;F;2;TULUÁ;20;-;NO DESERTOR;NO;0;DOS SALARIOS MÍNIMOS O MENOS;NO;45,67;0;5;4;1
16;20121;M;5;TULUÁ;21;-;NO DESERTOR;NO;0;DOS SALARIOS MÍNIMOS O MENOS;NO;58,12;1;6;5;1
16;20121;M;7;GUADALAJARA DE BUGA;30;-;NO DESERTOR;NO;0;MAS DE 2 Y MENOS DE 4 SALARIOS MINIMOS;NO;46,07;1;7;6;1
16;20192;M;3;TULUÁ;20;-;NO DESERTOR;NO;0;DOS SALARIOS MÍNIMOS O MENOS;NO;51,74;1;4;3;1
16;20192;M;2;GUADALAJARA DE BUGA;19;-;NO DESERTOR;NO;2;MAS DE 2 Y MENOS DE 4 SALARIOS MINIMOS;NO;47,69;1;5;4;1
16;20192;M;1;TULUÁ;21;-;NO DESERTOR;NO;4;MAS DE 2 Y MENOS DE 4 SALARIOS MINIMOS;NO;45,68;1;5;4;1
16;20121;F;8;ANDALUCÍA;24;-;NO DESERTOR;NO;0;DOS SALARIOS MÍNIMOS O MENOS;NO;38,19;0;7;5;2
16;20192;M;1;TULUÁ;20;-;NO DESERTOR;NO;0;MAS DE 2 Y MENOS DE 4 SALARIOS MINIMOS;NO;62,4;0;5;4;1
16;20121;F;8;ANSERMA;26;-;NO DESERTOR;NO;0;MAS DE 2 Y MENOS DE 4 SALARIOS MINIMOS;NO;47,44;0;2;1;1
16;20192;F;3;TULUÁ;27;-;NO DESERTOR;NO;0;MAS DE 2 Y MENOS DE 4 SALARIOS MINIMOS;NO;47,09;1;4;3;1
16;20192;F;2;BUGALAGRANDE;20;-;NO DESERTOR;NO;0;DOS SALARIOS MÍNIMOS O MENOS;NO;31,38;1;4;3;1
16;20192;F;4;TULUÁ;20;-;NO DESERTOR;NO;0;MAS DE 2 Y MENOS DE 4 SALARIOS MINIMOS;NO;57,85;0;6;5;1
16;20121;F;10;TULUÁ;24;-;NO DESERTOR;NO;0;MAS DE 2 Y MENOS DE 4 SALARIOS MINIMOS;Si;55,64;0;6;5;1
16;20192;F;2;TULUÁ;21;-;NO DESERTOR;NO;1;DOS SALARIOS MÍNIMOS O MENOS;NO;56,57;0;4;3;1
16;20192;M;1;GUADALAJARA DE BUGA;19;-;NO DESERTOR;NO;2;DOS SALARIOS MÍNIMOS O MENOS;NO;69,38;1;5;4;1
16;20192;M;4;GUADALAJARA DE BUGA;21;-;NO DESERTOR;NO;0;DOS SALARIOS MÍNIMOS O MENOS;NO;54,98;1;8;6;2
16;20192;M;2;TULUÁ;22;-;NO DESERTOR;NO;0;DOS SALARIOS MÍNIMOS O MENOS;NO;38,05;1;6;5;1
16;20192;M;1;TULUÁ;19;-;NO DESERTOR;NO;0;MAS DE 2 Y MENOS DE 4 SALARIOS MINIMOS;NO;49,51;1;5;4;1
16;20121;M;5;TULUÁ;26;-;NO DESERTOR;NO;0;DOS SALARIOS MÍNIMOS O MENOS;NO;43,57;1;8;7;1
16;20192;M;2;TULUÁ;20;-;NO DESERTOR;NO;0;DOS SALARIOS MÍNIMOS O MENOS;NO;53,79;0;5;4;1
16;20192;M;1;TRUJILLO;24;-;NO DESERTOR;SI;0;MAS DE 2 Y MENOS DE 4 SALARIOS MINIMOS;NO;49,87;1;5;4;1
16;20192;F;3;EL CERRITO;22;-;NO DESERTOR;NO;2;MAS DE 2 Y MENOS DE 4 SALARIOS MINIMOS;NO;50,25;1;7;5;2
16;20121;M;5;TULUÁ;23;-;NO DESERTOR;NO;0;MAS DE 2 Y MENOS DE 4 SALARIOS MINIMOS;NO;62,9;1;6;5;1
16;20121;M;8;BUGALAGRANDE;27;-;NO DESERTOR;NO;0;DOS SALARIOS MÍNIMOS O MENOS;NO;46,81;1;9;7;2
16;20121;M;9;TULUÁ;27;-;NO DESERTOR;SI;1;MAS DE 2 Y MENOS DE 4 SALARIOS MINIMOS;Si;51,95;0;5;4;1
16;20121;M;4;BUGALAGRANDE;23;INACTIVIDAD ACADEMICA;DESERTOR;NO;2;MAS DE 2 Y MENOS DE 4 SALARIOS MINIMOS;NO;52,72;1;6;5;1
16;20192;M;4;TULUÁ;22;-;NO DESERTOR;NO;0;NO DEFINIDO;NO;60,55;1;6;5;1
16;20121;M;5;TULUÁ;26;-;NO DESERTOR;NO;0;MAS DE 6 Y MENOS DE 8 SALARIOS MINIMOS;NO;50,32;0;8;7;1
16;20192;F;2;SAN PEDRO;19;-;NO DESERTOR;NO;0;DOS SALARIOS MÍNIMOS O MENOS;NO;46,63;0;5;4;1
16;20192;M;1;TULUÁ;19;-;NO DESERTOR;NO;0;MAS DE 2 Y MENOS DE 4 SALARIOS MINIMOS;NO;57,83;1;5;4;1
16;20121;F;7;BUGALAGRANDE;24;-;NO DESERTOR;NO;0;MAS DE 2 Y MENOS DE 4 SALARIOS MINIMOS;NO;68,93;0;3;2;1
16;20121;F;7;BUGALAGRANDE;44;-;NO DESERTOR;NO;0;NO DEFINIDO;Si;50,95;0;2;1;1
16;20121;M;8;ANDALUCÍA;29;-;NO DESERTOR;NO;0;MAS DE 2 Y MENOS DE 4 SALARIOS MINIMOS;NO;57,2;0;4;3;1
16;20121;M;8;TULUÁ;25;-;NO DESERTOR;NO;0;MAS DE 2 Y MENOS DE 4 SALARIOS MINIMOS;NO;52,33;0;5;4;1
16;20121;M;8;BUENAVENTURA;25;-;NO DESERTOR;NO;0;MAS DE 2 Y MENOS DE 4 SALARIOS MINIMOS;NO;46,95;1;5;4;1
16;20121;M;8;GUADALAJARA DE BUGA;22;-;NO DESERTOR;NO;0;DOS SALARIOS MÍNIMOS O MENOS;NO;60,19;0;6;5;1
16;20192;M;2;TULUÁ;19;-;NO DESERTOR;NO;0;DOS SALARIOS MÍNIMOS O MENOS;NO;57,01;1;5;4;1
16;20192;M;3;GUADALAJARA DE BUGA;21;-;NO DESERTOR;NO;0;MAS DE 4 Y MENOS DE 6 SALARIOS MINIMOS;NO;58,55;1;4;3;1
16;20121;F;7;TULUÁ;22;-;NO DESERTOR;NO;0;NO DEFINIDO;NO;55,06;0;9;8;1
16;20121;F;5;SAN PEDRO;26;-;NO DESERTOR;NO;0;DOS SALARIOS MÍNIMOS O MENOS;NO;43,1;1;6;4;2
16;20192;F;4;TULUÁ;20;-;NO DESERTOR;NO;0;MAS DE 2 Y MENOS DE 4 SALARIOS MINIMOS;NO;53,21;0;6;5;1
16;20121;F;5;TULUÁ;28;-;NO DESERTOR;NO;1;MAS DE 4 Y MENOS DE 6 SALARIOS MINIMOS;NO;46,16;0;7;6;1
16;20121;M;5;TULUÁ;25;-;NO DESERTOR;NO;0;MAS DE 2 Y MENOS DE 4 SALARIOS MINIMOS;NO;59,65;0;5;4;1
16;20121;M;6;EL CERRITO;24;-;NO DESERTOR;NO;2;MAS DE 4 Y MENOS DE 6 SALARIOS MINIMOS;NO;61,24;1;6;5;1
16;20192;F;4;TULUÁ;23;-;NO DESERTOR;NO;0;MAS DE 2 Y MENOS DE 4 SALARIOS MINIMOS;NO;57;0;5;4;1
16;20192;F;5;BUGALAGRANDE;21;-;NO DESERTOR;NO;0;DOS SALARIOS MÍNIMOS O MENOS;NO;58,7;0;5;4;1
16;20192;M;3;TULUÁ;21;-;NO DESERTOR;NO;1;MAS DE 2 Y MENOS DE 4 SALARIOS MINIMOS;NO;41,37;0;6;5;1
16;20192;F;2;TULUÁ;20;-;NO DESERTOR;NO;0;DOS SALARIOS MÍNIMOS O MENOS;NO;43,13;0;5;4;1
16;20121;M;5;TULUÁ;24;-;NO DESERTOR;NO;1;DOS SALARIOS MÍNIMOS O MENOS;NO;51,17;0;4;3;1
16;20192;M;1;RIOFRÍO;23;-;NO DESERTOR;NO;0;DOS SALARIOS MÍNIMOS O MENOS;NO;60,86;1;5;4;1
16;20121;M;10;TULUÁ;26;-;NO DESERTOR;NO;1;MAS DE 4 Y MENOS DE 6 SALARIOS MINIMOS;NO;55,8;1;5;4;1
16;20192;F;1;TULUÁ;20;-;NO DESERTOR;NO;0;DOS SALARIOS MÍNIMOS O MENOS;NO;54,68;1;5;4;1
16;20192;F;3;TULUÁ;20;-;NO DESERTOR;NO;0;DOS SALARIOS MÍNIMOS O MENOS;NO;54,01;1;5;4;1
16;20121;F;5;TULUÁ;25;INACTIVIDAD ACADEMICA;DESERTOR;NO;1;MAS DE 2 Y MENOS DE 4 SALARIOS MINIMOS;NO;40,27;1;4;3;1
16;20192;F;3;GUADALAJARA DE BUGA;19;-;NO DESERTOR;NO;0;MAS DE 2 Y MENOS DE 4 SALARIOS MINIMOS;NO;71,35;1;4;3;1
16;20121;F;10;BUGALAGRANDE;26;-;NO DESERTOR;NO;0;DOS SALARIOS MÍNIMOS O MENOS;Si;51,44;1;6;5;1
16;20121;F;10;TULUÁ;24;-;NO DESERTOR;NO;2;DOS SALARIOS MÍNIMOS O MENOS;Si;48,41;0;7;6;1
16;20121;F;9;EL CERRITO;28;-;NO DESERTOR;NO;0;MAS DE 2 Y MENOS DE 4 SALARIOS MINIMOS;NO;44,44;1;5;4;1
16;20121;M;9;TULUÁ;30;-;NO DESERTOR;NO;0;MAS DE 2 Y MENOS DE 4 SALARIOS MINIMOS;NO;47,54;3;2;1;1
16;20121;M;8;GUADALAJARA DE BUGA;25;-;NO DESERTOR;NO;2;DOS SALARIOS MÍNIMOS O MENOS;NO;48,4;1;5;4;1
16;20121;M;7;TULUÁ;25;INACTIVIDAD ACADEMICA;DESERTOR;NO;2;MAS DE 2 Y MENOS DE 4 SALARIOS MINIMOS;NO;61,03;1;6;5;1
16;20121;F;6;TULUÁ;22;-;NO DESERTOR;NO;1;DOS SALARIOS MÍNIMOS O MENOS;NO;50,95;0;5;4;1
16;20192;M;1;GUADALAJARA DE BUGA;21;-;NO DESERTOR;NO;0;MAS DE 2 Y MENOS DE 4 SALARIOS MINIMOS;NO;44,19;0;5;4;1
16;20121;M;7;GUADALAJARA DE BUGA;23;-;NO DESERTOR;NO;2;DOS SALARIOS MÍNIMOS O MENOS;NO;55,24;1;4;3;1
16;20192;M;1;TULUÁ;24;-;NO DESERTOR;NO;0;MAS DE 2 Y MENOS DE 4 SALARIOS MINIMOS;NO;68,92;0;5;4;1
16;20121;F;4;SAN PEDRO;22;-;NO DESERTOR;NO;0;DOS SALARIOS MÍNIMOS O MENOS;NO;52,28;0;9;8;1
16;20192;M;4;TULUÁ;20;-;NO DESERTOR;NO;1;MAS DE 2 Y MENOS DE 4 SALARIOS MINIMOS;NO;51,38;0;5;4;1
16;20192;M;2;TULUÁ;20;-;NO DESERTOR;NO;2;DOS SALARIOS MÍNIMOS O MENOS;NO;45,11;0;4;3;1
16;20192;M;1;BUGALAGRANDE;21;-;NO DESERTOR;NO;0;DOS SALARIOS MÍNIMOS O MENOS;NO;50,95;0;1;0;1
16;20121;M;1;TRUJILLO;35;-;NO DESERTOR;NO;0;NO DEFINIDO;Si;50,95;0;0;0;0
16;20121;M;6;TULUÁ;24;-;NO DESERTOR;NO;0;DOS SALARIOS MÍNIMOS O MENOS;NO;51,29;0;7;6;1
16;20192;M;1;BUENAVENTURA;20;-;NO DESERTOR;NO;0;MAS DE 2 Y MENOS DE 4 SALARIOS MINIMOS;NO;49,67;1;6;5;1
16;20192;M;1;TULUÁ;19;-;NO DESERTOR;NO;0;DOS SALARIOS MÍNIMOS O MENOS;NO;72,23;0;5;4;1
16;20121;F;5;TULUÁ;23;-;NO DESERTOR;NO;0;DOS SALARIOS MÍNIMOS O MENOS;NO;48,49;1;5;4;1
16;20121;F;6;TULUÁ;26;-;NO DESERTOR;SI;0;DOS SALARIOS MÍNIMOS O MENOS;NO;48,29;0;5;4;1
16;20121;F;1;TULUÁ;25;-;NO DESERTOR;NO;0;MAS DE 2 Y MENOS DE 4 SALARIOS MINIMOS;NO;58,51;0;7;6;1
16;20121;F;1;TULUÁ;42;-;NO DESERTOR;NO;0;NO DEFINIDO;NO;50,95;0;0;0;0
16;20192;M;1;TULUÁ;21;-;NO DESERTOR;SI;0;DOS SALARIOS MÍNIMOS O MENOS;NO;61,11;1;5;4;1
16;20121;M;10;GUADALAJARA DE BUGA;24;-;NO DESERTOR;NO;1;MAS DE 4 Y MENOS DE 6 SALARIOS MINIMOS;Si;60,39;0;6;5;1
16;20192;M;1;TULUÁ;24;INACTIVIDAD ACADEMICA;DESERTOR;NO;0;DOS SALARIOS MÍNIMOS O MENOS;NO;55,98;2;5;4;1
16;20192;M;5;TULUÁ;26;-;NO DESERTOR;NO;0;DOS SALARIOS MÍNIMOS O MENOS;NO;50,14;0;5;4;1
16;20192;M;3;BUENAVENTURA;21;-;NO DESERTOR;NO;0;MAS DE 2 Y MENOS DE 4 SALARIOS MINIMOS;NO;60,73;0;5;4;1
16;20121;M;7;ANDALUCÍA;28;-;NO DESERTOR;NO;0;DOS SALARIOS MÍNIMOS O MENOS;NO;54,73;0;5;4;1
16;20192;M;5;TULUÁ;26;-;NO DESERTOR;SI;0;MAS DE 2 Y MENOS DE 4 SALARIOS MINIMOS;NO;37,05;1;6;5;1
16;20121;F;7;TULUÁ;23;-;NO DESERTOR;NO;0;MAS DE 2 Y MENOS DE 4 SALARIOS MINIMOS;NO;54,72;0;5;4;1
16;20192;F;4;RIOFRÍO;21;-;NO DESERTOR;NO;0;NO DEFINIDO;NO;60,55;0;7;6;1
16;20121;F;8;RIOFRÍO;25;-;NO DESERTOR;NO;0;MAS DE 2 Y MENOS DE 4 SALARIOS MINIMOS;NO;41,75;0;5;4;1
16;20121;F;9;TULUÁ;23;INACTIVIDAD ACADEMICA;DESERTOR;NO;0;DOS SALARIOS MÍNIMOS O MENOS;NO;50,12;0;7;6;1
16;20121;F;7;TULUÁ;22;-;NO DESERTOR;NO;1;DOS SALARIOS MÍNIMOS O MENOS;NO;58,65;0;7;6;1
16;20192;F;4;TULUÁ;21;-;NO DESERTOR;NO;0;MAS DE 2 Y MENOS DE 4 SALARIOS MINIMOS;NO;61,72;0;7;5;2
16;20121;F;5;TULUÁ;22;-;NO DESERTOR;NO;0;MAS DE 2 Y MENOS DE 4 SALARIOS MINIMOS;NO;55,15;0;5;4;1
16;20121;F;8;TULUÁ;24;-;NO DESERTOR;NO;0;MAS DE 4 Y MENOS DE 6 SALARIOS MINIMOS;NO;49,56;0;5;4;1
16;20121;F;5;TULUÁ;21;-;NO DESERTOR;NO;0;MAS DE 2 Y MENOS DE 4 SALARIOS MINIMOS;NO;51,93;0;6;4;2
16;20192;F;2;TULUÁ;19;-;NO DESERTOR;NO;0;DOS SALARIOS MÍNIMOS O MENOS;NO;68,54;0;8;7;1
16;20192;F;1;ZARZAL;18;INACTIVIDAD ACADEMICA;DESERTOR;NO;0;DOS SALARIOS MÍNIMOS O MENOS;NO;66,2;6;2;1;1
16;20192;M;2;TULUÁ;22;-;NO DESERTOR;NO;0;MAS DE 2 Y MENOS DE 4 SALARIOS MINIMOS;NO;40,05;1;5;4;1
16;20192;F;5;TULUÁ;22;-;NO DESERTOR;NO;0;MAS DE 2 Y MENOS DE 4 SALARIOS MINIMOS;NO;44,6;0;5;4;1
16;20192;F;4;ANDALUCÍA;20;-;NO DESERTOR;NO;0;NO DEFINIDO;NO;53,55;0;5;4;1
16;20192;F;2;TULUÁ;26;-;NO DESERTOR;NO;0;MAS DE 2 Y MENOS DE 4 SALARIOS MINIMOS;NO;49,89;1;5;4;1
16;20192;M;3;BUENAVENTURA;20;-;NO DESERTOR;NO;0;DOS SALARIOS MÍNIMOS O MENOS;NO;63,3;1;4;3;1
16;20121;M;9;ANDALUCÍA;23;-;NO DESERTOR;NO;0;MAS DE 2 Y MENOS DE 4 SALARIOS MINIMOS;NO;58,51;1;3;2;1
16;20192;M;2;BUENAVENTURA;19;-;NO DESERTOR;NO;0;MAS DE 2 Y MENOS DE 4 SALARIOS MINIMOS;NO;36,29;1;5;4;1
16;20121;M;7;TULUÁ;25;-;NO DESERTOR;NO;0;MAS DE 2 Y MENOS DE 4 SALARIOS MINIMOS;NO;52,87;0;5;4;1
16;20121;M;4;BUENAVENTURA;24;INACTIVIDAD ACADEMICA;DESERTOR;NO;0;NO DEFINIDO;NO;57,15;0;6;5;1
16;20121;M;8;PALMIRA;26;-;NO DESERTOR;NO;0;MAS DE 4 Y MENOS DE 6 SALARIOS MINIMOS;NO;46,24;0;9;6;3
16;20121;F;7;TULUÁ;26;-;NO DESERTOR;NO;0;MAS DE 2 Y MENOS DE 4 SALARIOS MINIMOS;NO;48,38;0;6;4;2
16;20192;M;5;TULUÁ;22;-;NO DESERTOR;NO;0;MAS DE 8 SALARIOS MINIMOS;NO;62,62;0;6;5;1
16;20192;F;3;ANDALUCÍA;21;-;NO DESERTOR;NO;0;MAS DE 2 Y MENOS DE 4 SALARIOS MINIMOS;NO;70,56;0;4;3;1
16;20192;M;1;GUADALAJARA DE BUGA;23;-;NO DESERTOR;NO;0;DOS SALARIOS MÍNIMOS O MENOS;NO;69,12;0;5;4;1
16;20192;M;1;GUADALAJARA DE BUGA;21;INACTIVIDAD ACADEMICA;DESERTOR;SI;0;DOS SALARIOS MÍNIMOS O MENOS;NO;58,87;6;2;1;1
16;20192;M;4;TULUÁ;21;-;NO DESERTOR;NO;0;DOS SALARIOS MÍNIMOS O MENOS;NO;55,32;0;5;4;1
16;20192;M;1;CALARCÁ;20;INACTIVIDAD ACADEMICA;DESERTOR;NO;1;DOS SALARIOS MÍNIMOS O MENOS;NO;57,19;6;2;1;1
16;20121;M;8;GUADALAJARA DE BUGA;23;-;NO DESERTOR;NO;1;MAS DE 2 Y MENOS DE 4 SALARIOS MINIMOS;NO;65,44;0;6;4;2
16;20192;M;3;TULUÁ;21;-;NO DESERTOR;NO;1;NO DEFINIDO;NO;55,44;1;5;4;1
16;20192;M;4;BUENAVENTURA;20;-;NO DESERTOR;NO;2;MAS DE 2 Y MENOS DE 4 SALARIOS MINIMOS;NO;47,12;1;6;5;1
16;20121;M;6;TULUÁ;29;-;NO DESERTOR;NO;0;NO DEFINIDO;Si;56,52;3;2;1;1
16;20121;M;10;TULUÁ;24;-;NO DESERTOR;NO;2;MAS DE 2 Y MENOS DE 4 SALARIOS MINIMOS;Si;53,73;0;9;8;1
16;20121;M;8;TULUÁ;23;-;NO DESERTOR;NO;0;MAS DE 2 Y MENOS DE 4 SALARIOS MINIMOS;NO;51,05;1;4;3;1
16;20192;M;1;ANDALUCÍA;22;-;NO DESERTOR;NO;2;DOS SALARIOS MÍNIMOS O MENOS;NO;54,02;0;5;4;1
16;20192;M;1;ROLDANILLO;20;-;NO DESERTOR;NO;0;MAS DE 2 Y MENOS DE 4 SALARIOS MINIMOS;NO;44,51;1;5;4;1
16;20121;M;9;TULUÁ;23;-;NO DESERTOR;NO;0;MAS DE 2 Y MENOS DE 4 SALARIOS MINIMOS;Si;58,46;0;6;5;1
16;20121;M;8;TULUÁ;24;-;NO DESERTOR;SI;0;MAS DE 2 Y MENOS DE 4 SALARIOS MINIMOS;NO;55,05;0;5;4;1
16;20192;M;2;BUENAVENTURA;19;-;NO DESERTOR;NO;0;MAS DE 2 Y MENOS DE 4 SALARIOS MINIMOS;NO;44,71;1;4;3;1
16;20121;M;7;TULUÁ;22;-;NO DESERTOR;NO;0;MAS DE 4 Y MENOS DE 6 SALARIOS MINIMOS;NO;49,97;1;6;5;1
16;20192;M;3;GUADALAJARA DE BUGA;20;INACTIVIDAD ACADEMICA;DESERTOR;NO;1;DOS SALARIOS MÍNIMOS O MENOS;NO;66,32;1;4;3;1
16;20192;M;1;BUENAVENTURA;20;-;NO DESERTOR;NO;0;DOS SALARIOS MÍNIMOS O MENOS;NO;50,46;1;5;4;1
16;20121;M;9;GUADALAJARA DE BUGA;24;-;NO DESERTOR;NO;0;NO DEFINIDO;Si;50,95;0;7;6;1
16;20121;M;8;TULUÁ;21;-;NO DESERTOR;NO;0;MAS DE 2 Y MENOS DE 4 SALARIOS MINIMOS;NO;47,93;0;6;5;1
16;20121;M;7;TULUÁ;22;-;NO DESERTOR;NO;0;DOS SALARIOS MÍNIMOS O MENOS;NO;57,06;0;8;7;1
16;20121;M;6;TULUÁ;22;-;NO DESERTOR;NO;0;DOS SALARIOS MÍNIMOS O MENOS;NO;50,95;0;7;6;1
16;20192;M;5;TULUÁ;22;-;NO DESERTOR;NO;1;DOS SALARIOS MÍNIMOS O MENOS;NO;48,88;0;4;3;1
16;20192;M;1;TULUÁ;22;-;NO DESERTOR;NO;0;MAS DE 2 Y MENOS DE 4 SALARIOS MINIMOS;NO;64,32;1;7;6;1
16;20121;M;9;TULUÁ;28;INACTIVIDAD ACADEMICA;DESERTOR;NO;0;DOS SALARIOS MÍNIMOS O MENOS;NO;43,56;2;2;1;1
16;20121;M;6;TULUÁ;23;-;NO DESERTOR;NO;0;MAS DE 4 Y MENOS DE 6 SALARIOS MINIMOS;NO;58,38;0;6;5;1
16;20192;M;4;TULUÁ;22;-;NO DESERTOR;NO;0;MAS DE 2 Y MENOS DE 4 SALARIOS MINIMOS;NO;60,02;0;5;4;1
16;20121;M;8;TULUÁ;25;-;NO DESERTOR;NO;1;MAS DE 4 Y MENOS DE 6 SALARIOS MINIMOS;NO;52,08;1;4;3;1
16;20121;M;5;BUGALAGRANDE;22;-;NO DESERTOR;NO;0;MAS DE 2 Y MENOS DE 4 SALARIOS MINIMOS;NO;55,73;0;5;4;1
16;20121;M;5;TULUÁ;22;-;NO DESERTOR;NO;1;DOS SALARIOS MÍNIMOS O MENOS;NO;53,39;0;8;7;1
16;20192;M;5;TULUÁ;22;-;NO DESERTOR;NO;0;NO DEFINIDO;NO;59,06;0;8;6;2
16;20192;M;2;ANDALUCÍA;19;-;NO DESERTOR;NO;0;DOS SALARIOS MÍNIMOS O MENOS;NO;38,93;1;5;4;1
16;20192;M;1;GUACARÍ;19;-;NO DESERTOR;NO;0;MAS DE 4 Y MENOS DE 6 SALARIOS MINIMOS;NO;60,74;0;5;4;1
16;20192;M;1;ANDALUCÍA;19;-;NO DESERTOR;NO;0;DOS SALARIOS MÍNIMOS O MENOS;NO;60,46;0;5;4;1
16;20121;M;9;TULUÁ;26;-;NO DESERTOR;NO;0;MAS DE 2 Y MENOS DE 4 SALARIOS MINIMOS;Si;46,4;0;5;4;1
16;20121;M;7;TRUJILLO;22;-;NO DESERTOR;NO;0;MAS DE 2 Y MENOS DE 4 SALARIOS MINIMOS;NO;56,55;0;5;4;1
16;20121;M;5;TULUÁ;23;-;NO DESERTOR;NO;0;MAS DE 2 Y MENOS DE 4 SALARIOS MINIMOS;NO;52,14;1;6;5;1
16;20192;M;2;TULUÁ;20;-;NO DESERTOR;NO;0;NO DEFINIDO;NO;47,98;1;6;5;1
16;20192;M;4;TULUÁ;20;-;NO DESERTOR;NO;1;MAS DE 2 Y MENOS DE 4 SALARIOS MINIMOS;NO;48,79;0;4;3;1
16;20192;M;1;TULUÁ;22;-;NO DESERTOR;NO;0;MAS DE 2 Y MENOS DE 4 SALARIOS MINIMOS;NO;50,44;0;8;7;1
16;20192;M;1;TULUÁ;19;INACTIVIDAD ACADEMICA;DESERTOR;NO;0;DOS SALARIOS MÍNIMOS O MENOS;NO;65,86;6;4;3;1
16;20121;M;10;TULUÁ;23;-;NO DESERTOR;NO;1;MAS DE 2 Y MENOS DE 4 SALARIOS MINIMOS;Si;51,56;0;7;6;1
16;20121;M;5;TULUÁ;21;-;NO DESERTOR;NO;0;MAS DE 4 Y MENOS DE 6 SALARIOS MINIMOS;NO;50,95;0;8;6;2
16;20121;M;5;TULUÁ;23;-;NO DESERTOR;NO;2;MAS DE 4 Y MENOS DE 6 SALARIOS MINIMOS;NO;48,01;0;5;4;1
16;20192;M;2;TULUÁ;20;INACTIVIDAD ACADEMICA;DESERTOR;NO;0;DOS SALARIOS MÍNIMOS O MENOS;NO;39,06;0;1;0;1
16;20192;M;1;TULUÁ;21;-;NO DESERTOR;NO;0;MAS DE 2 Y MENOS DE 4 SALARIOS MINIMOS;NO;47,03;1;5;4;1
16;20121;M;5;GUADALAJARA DE BUGA;22;-;NO DESERTOR;NO;0;MAS DE 2 Y MENOS DE 4 SALARIOS MINIMOS;NO;58,87;1;7;5;2
16;20192;M;3;TULUÁ;22;-;NO DESERTOR;NO;0;MAS DE 4 Y MENOS DE 6 SALARIOS MINIMOS;NO;64,53;0;5;3;2
16;20192;M;2;SAN PEDRO;18;-;NO DESERTOR;NO;0;DOS SALARIOS MÍNIMOS O MENOS;NO;64,7;0;5;4;1
16;20192;M;2;TULUÁ;20;-;NO DESERTOR;NO;4;DOS SALARIOS MÍNIMOS O MENOS;NO;46,59;1;5;4;1
16;20121;M;7;TULUÁ;30;INACTIVIDAD ACADEMICA;DESERTOR;NO;0;NO DEFINIDO;NO;50,95;0;3;1;2
16;20121;M;10;TULUÁ;30;INACTIVIDAD ACADEMICA;DESERTOR;NO;1;DOS SALARIOS MÍNIMOS O MENOS;NO;48,31;0;7;6;1
16;20121;M;5;ANDALUCÍA;23;-;NO DESERTOR;NO;0;DOS SALARIOS MÍNIMOS O MENOS;NO;61,27;1;5;4;1
16;20192;M;4;TULUÁ;22;-;NO DESERTOR;NO;2;DOS SALARIOS MÍNIMOS O MENOS;NO;50,53;0;6;5;1
16;20121;M;10;TULUÁ;28;-;NO DESERTOR;NO;0;MAS DE 4 Y MENOS DE 6 SALARIOS MINIMOS;Si;52,97;0;6;5;1
16;20121;M;8;BUENAVENTURA;23;-;NO DESERTOR;NO;0;DOS SALARIOS MÍNIMOS O MENOS;NO;52,92;0;8;5;3
16;20192;M;1;YOTOCO;23;INACTIVIDAD ACADEMICA;DESERTOR;NO;0;MAS DE 2 Y MENOS DE 4 SALARIOS MINIMOS;NO;44,53;6;2;1;1
16;20192;M;1;BUENAVENTURA;19;-;NO DESERTOR;NO;0;MAS DE 2 Y MENOS DE 4 SALARIOS MINIMOS;NO;59,04;1;5;4;1
16;20192;M;1;GUADALAJARA DE BUGA;18;-;NO DESERTOR;NO;2;DOS SALARIOS MÍNIMOS O MENOS;NO;57,31;0;5;4;1
16;20121;M;1;TULUÁ;25;-;NO DESERTOR;NO;0;DOS SALARIOS MÍNIMOS O MENOS;NO;56,29;0;8;7;1
16;20121;F;9;GUADALAJARA DE BUGA;29;-;NO DESERTOR;NO;0;DOS SALARIOS MÍNIMOS O MENOS;NO;53,12;0;3;1;2
16;20121;F;9;TULUÁ;22;-;NO DESERTOR;NO;0;MAS DE 2 Y MENOS DE 4 SALARIOS MINIMOS;Si;61,49;1;6;5;1
16;20121;M;8;BUGALAGRANDE;22;-;NO DESERTOR;NO;0;MAS DE 2 Y MENOS DE 4 SALARIOS MINIMOS;NO;41,51;1;5;4;1
16;20121;M;7;TULUÁ;22;-;NO DESERTOR;NO;0;DOS SALARIOS MÍNIMOS O MENOS;NO;63,8;0;5;4;1
16;20121;M;4;TULUÁ;21;-;NO DESERTOR;NO;2;DOS SALARIOS MÍNIMOS O MENOS;NO;50,95;0;8;7;1
16;20192;M;5;ANDALUCÍA;22;-;NO DESERTOR;NO;0;DOS SALARIOS MÍNIMOS O MENOS;NO;43,83;0;6;5;1
16;20192;M;1;TULUÁ;20;-;NO DESERTOR;NO;0;DOS SALARIOS MÍNIMOS O MENOS;NO;62,86;0;5;4;1
16;20121;M;8;TULUÁ;25;-;NO DESERTOR;NO;0;DOS SALARIOS MÍNIMOS O MENOS;NO;53,58;0;5;4;1
16;20121;M;10;ZANJÓN HONDO - GUADALAJARA DE BUGA;24;-;NO DESERTOR;NO;0;MAS DE 2 Y MENOS DE 4 SALARIOS MINIMOS;Si;54,32;0;4;3;1
16;20121;F;10;BUENAVENTURA;23;-;NO DESERTOR;NO;0;DOS SALARIOS MÍNIMOS O MENOS;Si;49,99;0;8;7;1
16;20121;F;8;BUGALAGRANDE;22;-;NO DESERTOR;NO;0;MAS DE 4 Y MENOS DE 6 SALARIOS MINIMOS;NO;56,54;0;6;5;1
16;20121;F;8;GUADALAJARA DE BUGA;22;-;NO DESERTOR;NO;0;MAS DE 2 Y MENOS DE 4 SALARIOS MINIMOS;NO;58,2;0;4;3;1
16;20121;F;7;ROLDANILLO;26;-;NO DESERTOR;NO;0;MAS DE 4 Y MENOS DE 6 SALARIOS MINIMOS;NO;50,21;0;4;3;1
16;20121;F;6;TULUÁ;21;-;NO DESERTOR;NO;0;MAS DE 2 Y MENOS DE 4 SALARIOS MINIMOS;NO;75,77;0;7;6;1
16;20192;F;1;TULUÁ;21;-;NO DESERTOR;NO;0;DOS SALARIOS MÍNIMOS O MENOS;NO;57,99;0;5;4;1
16;20192;M;2;TULUÁ;20;-;NO DESERTOR;NO;0;MAS DE 6 Y MENOS DE 8 SALARIOS MINIMOS;NO;51,16;1;5;4;1
16;20121;M;5;TULUÁ;21;-;NO DESERTOR;NO;0;MAS DE 2 Y MENOS DE 4 SALARIOS MINIMOS;NO;49,08;1;8;7;1
16;20121;F;10;TULUÁ;26;-;NO DESERTOR;NO;2;MAS DE 2 Y MENOS DE 4 SALARIOS MINIMOS;NO;37,24;1;5;4;1
16;20121;F;5;TULUÁ;22;-;NO DESERTOR;NO;2;DOS SALARIOS MÍNIMOS O MENOS;NO;51,61;1;5;4;1
16;20192;F;1;TULUÁ;20;-;NO DESERTOR;NO;0;DOS SALARIOS MÍNIMOS O MENOS;NO;52,29;1;7;6;1
16;20192;F;2;TULUÁ;20;-;NO DESERTOR;NO;0;DOS SALARIOS MÍNIMOS O MENOS;NO;50,46;1;5;4;1
16;20121;F;8;TULUÁ;33;-;NO DESERTOR;NO;0;NO DEFINIDO;NO;50,95;0;5;4;1
16;20192;M;2;TULUÁ;20;-;NO DESERTOR;NO;0;MAS DE 2 Y MENOS DE 4 SALARIOS MINIMOS;NO;59,55;0;5;4;1
16;20192;F;4;ANDALUCÍA;21;-;NO DESERTOR;NO;0;DOS SALARIOS MÍNIMOS O MENOS;NO;63,33;0;5;4;1
16;20121;F;6;TULUÁ;22;-;NO DESERTOR;NO;0;DOS SALARIOS MÍNIMOS O MENOS;NO;72,25;0;7;6;1
16;20192;F;1;ANDALUCÍA;20;-;NO DESERTOR;NO;0;DOS SALARIOS MÍNIMOS O MENOS;NO;41,83;1;5;4;1
16;20192;F;3;BUENAVENTURA;22;-;NO DESERTOR;NO;0;DOS SALARIOS MÍNIMOS O MENOS;NO;63,61;0;4;3;1
16;20192;F;2;TULUÁ;19;-;NO DESERTOR;NO;2;DOS SALARIOS MÍNIMOS O MENOS;NO;50,82;0;5;4;1
16;20121;F;6;TULUÁ;21;-;NO DESERTOR;NO;0;NO DEFINIDO;NO;56,7;0;8;7;1
16;20192;F;1;TULUÁ;30;-;NO DESERTOR;SI;1;MAS DE 4 Y MENOS DE 6 SALARIOS MINIMOS;NO;58,12;1;5;4;1
16;20121;F;8;ROLDANILLO;27;-;NO DESERTOR;NO;0;MAS DE 8 SALARIOS MINIMOS;NO;46,76;0;4;3;1
16;20121;F;8;GUADALAJARA DE BUGA;22;-;NO DESERTOR;NO;0;DOS SALARIOS MÍNIMOS O MENOS;NO;47,5;0;6;5;1
16;20192;F;1;TULUÁ;19;-;NO DESERTOR;NO;0;MAS DE 2 Y MENOS DE 4 SALARIOS MINIMOS;NO;57,61;1;7;6;1
16;20121;F;4;TULUÁ;21;-;NO DESERTOR;NO;0;MAS DE 4 Y MENOS DE 6 SALARIOS MINIMOS;NO;56,72;1;7;6;1
16;20192;M;4;GUADALAJARA DE BUGA;21;-;NO DESERTOR;NO;0;MAS DE 2 Y MENOS DE 4 SALARIOS MINIMOS;NO;52,65;0;7;6;1
16;20121;M;8;TULUÁ;23;-;NO DESERTOR;NO;0;DOS SALARIOS MÍNIMOS O MENOS;Si;60,95;0;6;5;1
16;20192;M;1;TULUÁ;19;-;NO DESERTOR;NO;0;DOS SALARIOS MÍNIMOS O MENOS;NO;42,05;0;5;4;1
16;20121;M;9;SAN PEDRO;25;-;NO DESERTOR;NO;0;MAS DE 2 Y MENOS DE 4 SALARIOS MINIMOS;NO;45,13;0;4;3;1
16;20192;M;5;ANDALUCÍA;21;-;NO DESERTOR;NO;0;MAS DE 2 Y MENOS DE 4 SALARIOS MINIMOS;NO;59,02;0;6;5;1
16;20192;M;1;TULUÁ;23;-;NO DESERTOR;NO;1;DOS SALARIOS MÍNIMOS O MENOS;NO;59,19;0;6;5;1
16;20121;F;8;TRUJILLO;25;-;NO DESERTOR;NO;0;DOS SALARIOS MÍNIMOS O MENOS;Si;42,22;0;5;4;1
16;20121;F;9;CALI;26;-;NO DESERTOR;NO;0;MAS DE 2 Y MENOS DE 4 SALARIOS MINIMOS;Si;52,41;0;7;6;1
16;20121;F;10;ANDALUCÍA;23;INACTIVIDAD ACADEMICA;DESERTOR;NO;2;NO DEFINIDO;NO;54,89;0;5;4;1
16;20121;F;8;TULUÁ;23;-;NO DESERTOR;NO;0;MAS DE 2 Y MENOS DE 4 SALARIOS MINIMOS;NO;48,45;0;5;3;2
16;20121;M;8;EL CERRITO;22;-;NO DESERTOR;NO;0;MAS DE 4 Y MENOS DE 6 SALARIOS MINIMOS;NO;49,7;1;6;5;1
16;20121;F;6;TULUÁ;22;-;NO DESERTOR;NO;0;NO DEFINIDO;NO;55,25;0;9;8;1
16;20121;F;10;TULUÁ;24;-;NO DESERTOR;NO;0;DOS SALARIOS MÍNIMOS O MENOS;NO;55,79;0;8;7;1
16;20192;F;1;GUADALAJARA DE BUGA;22;-;NO DESERTOR;NO;0;DOS SALARIOS MÍNIMOS O MENOS;NO;61,33;1;5;4;1
16;20121;F;8;TULUÁ;24;-;NO DESERTOR;NO;0;MAS DE 2 Y MENOS DE 4 SALARIOS MINIMOS;NO;60,99;0;5;4;1
16;20121;F;5;TULUÁ;22;-;NO DESERTOR;NO;0;DOS SALARIOS MÍNIMOS O MENOS;NO;57,55;1;8;7;1
16;20192;F;4;TULUÁ;22;-;NO DESERTOR;NO;0;MAS DE 2 Y MENOS DE 4 SALARIOS MINIMOS;NO;61,62;0;9;5;4
16;20192;F;4;TULUÁ;20;-;NO DESERTOR;NO;0;MAS DE 2 Y MENOS DE 4 SALARIOS MINIMOS;NO;58,54;0;6;5;1
16;20192;F;1;BUGALAGRANDE;21;-;NO DESERTOR;NO;0;DOS SALARIOS MÍNIMOS O MENOS;NO;62,55;1;7;6;1
16;20192;F;1;TULUÁ;22;-;NO DESERTOR;NO;0;DOS SALARIOS MÍNIMOS O MENOS;NO;60,15;1;5;4;1
16;20192;F;5;GUADALAJARA DE BUGA;21;-;NO DESERTOR;NO;0;MAS DE 2 Y MENOS DE 4 SALARIOS MINIMOS;NO;54,67;0;7;6;1
16;20192;F;4;TULUÁ;21;-;NO DESERTOR;NO;0;DOS SALARIOS MÍNIMOS O MENOS;NO;58,07;0;7;6;1
16;20192;F;1;TULUÁ;20;-;NO DESERTOR;NO;1;DOS SALARIOS MÍNIMOS O MENOS;NO;60,5;1;4;3;1
16;20192;F;2;TULUÁ;18;-;NO DESERTOR;NO;0;MAS DE 2 Y MENOS DE 4 SALARIOS MINIMOS;NO;49,45;0;5;4;1
16;20192;F;2;TULUÁ;20;-;NO DESERTOR;NO;0;DOS SALARIOS MÍNIMOS O MENOS;NO;44,52;0;6;4;2
16;20192;F;1;GUADALAJARA DE BUGA;20;-;NO DESERTOR;NO;0;DOS SALARIOS MÍNIMOS O MENOS;NO;54,51;1;5;4;1
16;20192;F;4;SAN PEDRO;20;-;NO DESERTOR;NO;0;MAS DE 2 Y MENOS DE 4 SALARIOS MINIMOS;NO;52,01;0;7;5;2
16;20192;F;1;EL CERRITO;19;-;NO DESERTOR;NO;0;DOS SALARIOS MÍNIMOS O MENOS;NO;60,78;0;5;4;1
16;20121;F;1;TULUÁ;40;-;NO DESERTOR;NO;0;NO DEFINIDO;NO;50,95;0;0;0;0
16;20121;F;8;GUADALAJARA DE BUGA;24;-;NO DESERTOR;NO;1;DOS SALARIOS MÍNIMOS O MENOS;NO;45,83;1;7;6;1
16;20121;F;8;ANDALUCÍA;27;-;NO DESERTOR;NO;0;DOS SALARIOS MÍNIMOS O MENOS;NO;42,41;0;6;5;1
16;20192;F;1;TULUÁ;22;-;NO DESERTOR;NO;0;DOS SALARIOS MÍNIMOS O MENOS;NO;60,8;0;5;4;1
16;20121;F;4;BUGALAGRANDE;22;-;NO DESERTOR;NO;1;DOS SALARIOS MÍNIMOS O MENOS;NO;49,87;1;5;4;1
16;20121;F;6;TULUÁ;23;-;NO DESERTOR;NO;0;DOS SALARIOS MÍNIMOS O MENOS;NO;44,75;0;5;4;1
16;20192;M;4;TULUÁ;20;-;NO DESERTOR;NO;2;MAS DE 2 Y MENOS DE 4 SALARIOS MINIMOS;NO;62,22;0;5;4;1
16;20121;M;5;TULUÁ;23;-;NO DESERTOR;NO;0;MAS DE 2 Y MENOS DE 4 SALARIOS MINIMOS;NO;65,39;0;4;3;1
16;20192;F;1;ANDALUCÍA;20;-;NO DESERTOR;NO;0;DOS SALARIOS MÍNIMOS O MENOS;NO;62,4;0;5;4;1
16;20192;M;1;TULUÁ;19;-;NO DESERTOR;NO;0;DOS SALARIOS MÍNIMOS O MENOS;NO;64,21;1;5;4;1
16;20121;F;9;BUGALAGRANDE;25;INACTIVIDAD ACADEMICA;DESERTOR;NO;0;DOS SALARIOS MÍNIMOS O MENOS;NO;51,09;0;5;4;1
16;20121;F;9;ANDALUCÍA;24;-;NO DESERTOR;NO;0;DOS SALARIOS MÍNIMOS O MENOS;NO;67,5;0;6;5;1
16;20192;F;3;ANDALUCÍA;20;-;NO DESERTOR;NO;0;MAS DE 2 Y MENOS DE 4 SALARIOS MINIMOS;NO;70,39;0;5;4;1
16;20192;F;1;TULUÁ;19;-;NO DESERTOR;NO;0;MAS DE 4 Y MENOS DE 6 SALARIOS MINIMOS;NO;48,38;0;7;6;1
16;20192;F;1;TULUÁ;20;INACTIVIDAD ACADEMICA;DESERTOR;NO;2;MAS DE 2 Y MENOS DE 4 SALARIOS MINIMOS;NO;58,05;1;6;5;1
16;20121;F;7;TULUÁ;23;-;NO DESERTOR;NO;0;DOS SALARIOS MÍNIMOS O MENOS;NO;58,43;0;7;6;1
16;20192;F;5;TULUÁ;21;-;NO DESERTOR;NO;1;NO DEFINIDO;NO;43,35;1;6;5;1
16;20192;F;2;TULUÁ;19;-;NO DESERTOR;NO;0;DOS SALARIOS MÍNIMOS O MENOS;NO;48,34;1;6;5;1
16;20192;F;2;TULUÁ;21;-;NO DESERTOR;NO;1;DOS SALARIOS MÍNIMOS O MENOS;NO;43,82;0;5;4;1
16;20192;F;2;ROLDANILLO;20;-;NO DESERTOR;SI;0;DOS SALARIOS MÍNIMOS O MENOS;NO;37,38;1;5;4;1
16;20121;F;6;TULUÁ;21;-;NO DESERTOR;NO;0;DOS SALARIOS MÍNIMOS O MENOS;NO;64,81;0;8;7;1
16;20192;M;1;GUADALAJARA DE BUGA;18;-;NO DESERTOR;NO;0;DOS SALARIOS MÍNIMOS O MENOS;NO;54,07;1;5;4;1
16;20192;M;2;BUGALAGRANDE;21;-;NO DESERTOR;NO;0;MAS DE 2 Y MENOS DE 4 SALARIOS MINIMOS;NO;39,02;1;5;4;1
16;20192;M;2;GUADALAJARA DE BUGA;21;-;NO DESERTOR;NO;2;MAS DE 2 Y MENOS DE 4 SALARIOS MINIMOS;NO;38,31;0;7;6;1
16;20192;M;1;GUADALAJARA DE BUGA;18;-;NO DESERTOR;NO;0;DOS SALARIOS MÍNIMOS O MENOS;NO;52,23;1;5;4;1
16;20121;M;4;ANDALUCÍA;20;-;NO DESERTOR;NO;0;MAS DE 2 Y MENOS DE 4 SALARIOS MINIMOS;NO;47,95;0;6;5;1
16;20121;F;5;TULUÁ;21;-;NO DESERTOR;NO;0;DOS SALARIOS MÍNIMOS O MENOS;NO;42,9;0;4;3;1
16;20121;M;9;TULUÁ;23;-;NO DESERTOR;NO;0;MAS DE 2 Y MENOS DE 4 SALARIOS MINIMOS;NO;61,42;1;6;5;1
16;20121;M;9;TRUJILLO;23;-;NO DESERTOR;NO;0;MAS DE 2 Y MENOS DE 4 SALARIOS MINIMOS;NO;54,77;1;6;5;1
16;20121;F;10;TULUÁ;23;-;NO DESERTOR;NO;0;DOS SALARIOS MÍNIMOS O MENOS;NO;48,31;0;6;5;1
16;20121;M;1;BUGALAGRANDE;46;-;NO DESERTOR;NO;0;NO DEFINIDO;NO;50,95;0;0;0;0
16;20121;M;9;BUENAVENTURA;27;INACTIVIDAD ACADEMICA;DESERTOR;NO;0;MAS DE 2 Y MENOS DE 4 SALARIOS MINIMOS;NO;46,2;0;2;1;1
16;20192;M;4;GUADALAJARA DE BUGA;21;-;NO DESERTOR;NO;0;MAS DE 2 Y MENOS DE 4 SALARIOS MINIMOS;NO;50,95;0;1;0;1
16;20121;F;9;TULUÁ;28;-;NO DESERTOR;NO;2;NO DEFINIDO;Si;51,13;0;3;2;1
16;20121;M;8;TULUÁ;22;-;NO DESERTOR;NO;0;DOS SALARIOS MÍNIMOS O MENOS;NO;55,68;0;5;4;1
16;20192;M;2;TULUÁ;19;-;NO DESERTOR;NO;0;DOS SALARIOS MÍNIMOS O MENOS;NO;40,42;1;5;4;1
16;20121;M;7;ANDALUCÍA;22;-;NO DESERTOR;NO;0;DOS SALARIOS MÍNIMOS O MENOS;NO;56,26;0;6;4;2
16;20192;M;4;TULUÁ;21;-;NO DESERTOR;NO;0;DOS SALARIOS MÍNIMOS O MENOS;NO;63,62;0;6;5;1
16;20192;M;4;GUADALAJARA DE BUGA;20;-;NO DESERTOR;NO;0;MAS DE 2 Y MENOS DE 4 SALARIOS MINIMOS;NO;51,06;0;6;5;1
16;20192;M;2;TULUÁ;23;-;NO DESERTOR;NO;0;MAS DE 6 Y MENOS DE 8 SALARIOS MINIMOS;NO;53,03;0;5;4;1
16;20192;M;2;TULUÁ;19;-;NO DESERTOR;NO;0;MAS DE 2 Y MENOS DE 4 SALARIOS MINIMOS;NO;51,08;0;5;4;1
16;20121;M;9;TULUÁ;28;-;NO DESERTOR;NO;0;MAS DE 2 Y MENOS DE 4 SALARIOS MINIMOS;NO;40;0;4;3;1
16;20121;F;9;TULUÁ;24;-;NO DESERTOR;SI;2;MAS DE 2 Y MENOS DE 4 SALARIOS MINIMOS;NO;54,97;0;6;5;1
16;20121;M;9;GINEBRA;23;-;NO DESERTOR;NO;0;DOS SALARIOS MÍNIMOS O MENOS;NO;59,83;0;6;5;1
16;20121;M;8;TULUÁ;23;-;NO DESERTOR;NO;1;DOS SALARIOS MÍNIMOS O MENOS;NO;55,91;0;5;4;1
16;20121;M;8;TULUÁ;27;-;NO DESERTOR;NO;0;DOS SALARIOS MÍNIMOS O MENOS;NO;48,08;0;2;1;1
16;20121;M;8;ANDALUCÍA;27;-;NO DESERTOR;NO;0;MAS DE 2 Y MENOS DE 4 SALARIOS MINIMOS;NO;43,34;1;4;3;1
16;20192;M;4;BUGALAGRANDE;20;-;NO DESERTOR;NO;0;MAS DE 2 Y MENOS DE 4 SALARIOS MINIMOS;NO;52,89;0;6;5;1
16;20121;M;9;ANDALUCÍA;24;-;NO DESERTOR;NO;2;MAS DE 8 SALARIOS MINIMOS;NO;49,08;1;8;7;1
16;20121;M;8;CALI;24;-;NO DESERTOR;NO;0;MAS DE 4 Y MENOS DE 6 SALARIOS MINIMOS;NO;52,27;0;7;6;1
16;20121;F;8;TULUÁ;23;-;NO DESERTOR;NO;0;MAS DE 2 Y MENOS DE 4 SALARIOS MINIMOS;NO;51,45;0;5;4;1
16;20121;F;9;TULUÁ;24;-;NO DESERTOR;NO;0;MAS DE 2 Y MENOS DE 4 SALARIOS MINIMOS;NO;46,54;0;4;3;1
16;20192;M;3;TULUÁ;21;-;NO DESERTOR;NO;0;DOS SALARIOS MÍNIMOS O MENOS;NO;57,3;0;4;3;1
16;20121;F;9;TULUÁ;28;INACTIVIDAD ACADEMICA;DESERTOR;NO;0;MAS DE 2 Y MENOS DE 4 SALARIOS MINIMOS;NO;45;0;2;1;1
16;20192;F;2;ZARZAL;20;-;NO DESERTOR;NO;0;MAS DE 2 Y MENOS DE 4 SALARIOS MINIMOS;NO;42,8;1;5;4;1
16;20121;M;8;GUADALAJARA DE BUGA;23;-;NO DESERTOR;NO;0;MAS DE 2 Y MENOS DE 4 SALARIOS MINIMOS;NO;58,09;0;5;4;1
16;20121;F;9;BUGALAGRANDE;24;INACTIVIDAD ACADEMICA;DESERTOR;NO;0;MAS DE 2 Y MENOS DE 4 SALARIOS MINIMOS;NO;56,3;0;4;3;1
16;20121;F;9;TULUÁ;22;-;NO DESERTOR;NO;0;DOS SALARIOS MÍNIMOS O MENOS;NO;48,03;0;4;3;1
16;20121;F;8;TULUÁ;24;-;NO DESERTOR;NO;0;MAS DE 6 Y MENOS DE 8 SALARIOS MINIMOS;NO;54,97;0;4;3;1
16;20121;F;8;TULUÁ;22;-;NO DESERTOR;NO;0;MAS DE 6 Y MENOS DE 8 SALARIOS MINIMOS;NO;52,04;0;5;4;1
16;20121;F;8;TULUÁ;23;-;NO DESERTOR;NO;0;DOS SALARIOS MÍNIMOS O MENOS;NO;64,81;0;4;3;1
16;20121;F;6;TULUÁ;22;-;NO DESERTOR;NO;0;DOS SALARIOS MÍNIMOS O MENOS;NO;57,26;0;5;4;1
16;20121;F;5;ANDALUCÍA;21;-;NO DESERTOR;NO;0;DOS SALARIOS MÍNIMOS O MENOS;NO;56,72;1;8;7;1
16;20121;F;7;SAN PEDRO;25;-;NO DESERTOR;NO;0;DOS SALARIOS MÍNIMOS O MENOS;NO;45,05;1;5;4;1
16;20121;F;5;TULUÁ;25;-;NO DESERTOR;NO;2;MAS DE 4 Y MENOS DE 6 SALARIOS MINIMOS;NO;50,95;0;7;4;3
16;20121;F;10;TULUÁ;25;-;NO DESERTOR;NO;0;MAS DE 2 Y MENOS DE 4 SALARIOS MINIMOS;NO;48,93;0;4;3;1
16;20121;F;7;GUACARÍ;21;-;NO DESERTOR;NO;1;DOS SALARIOS MÍNIMOS O MENOS;NO;65,02;0;8;6;2
16;20192;F;5;TULUÁ;23;-;NO DESERTOR;NO;0;DOS SALARIOS MÍNIMOS O MENOS;NO;60,55;0;6;5;1
16;20192;F;4;TULUÁ;20;-;NO DESERTOR;NO;2;MAS DE 2 Y MENOS DE 4 SALARIOS MINIMOS;NO;61,88;0;6;5;1
16;20192;F;3;GUADALAJARA DE BUGA;20;-;NO DESERTOR;NO;0;MAS DE 2 Y MENOS DE 4 SALARIOS MINIMOS;NO;59,93;0;4;3;1
16;20192;F;2;TULUÁ;20;-;NO DESERTOR;NO;0;DOS SALARIOS MÍNIMOS O MENOS;NO;50,22;0;5;4;1
16;20192;F;5;TULUÁ;21;-;NO DESERTOR;NO;2;MAS DE 2 Y MENOS DE 4 SALARIOS MINIMOS;NO;55,79;0;7;6;1
16;20121;F;5;ANDALUCÍA;25;-;NO DESERTOR;NO;0;DOS SALARIOS MÍNIMOS O MENOS;NO;43,04;1;6;5;1
16;20121;M;7;TULUÁ;27;-;NO DESERTOR;SI;0;MAS DE 2 Y MENOS DE 4 SALARIOS MINIMOS;NO;42,56;1;6;5;1
16;20121;F;9;TULUÁ;24;-;NO DESERTOR;NO;0;DOS SALARIOS MÍNIMOS O MENOS;NO;49,68;1;6;5;1
16;20121;M;8;ANDALUCÍA;23;-;NO DESERTOR;NO;2;MAS DE 2 Y MENOS DE 4 SALARIOS MINIMOS;NO;43,72;0;6;5;1
16;20121;M;8;TULUÁ;22;-;NO DESERTOR;NO;0;MAS DE 2 Y MENOS DE 4 SALARIOS MINIMOS;Si;55,31;0;7;5;2
16;20192;M;4;GUADALAJARA DE BUGA;21;-;NO DESERTOR;NO;0;DOS SALARIOS MÍNIMOS O MENOS;NO;48,66;0;4;3;1
16;20192;F;3;GUADALAJARA DE BUGA;18;-;NO DESERTOR;NO;0;MAS DE 2 Y MENOS DE 4 SALARIOS MINIMOS;NO;75,53;0;4;3;1
16;20121;M;9;GUADALAJARA DE BUGA;31;-;NO DESERTOR;NO;1;MAS DE 2 Y MENOS DE 4 SALARIOS MINIMOS;NO;43,03;0;2;1;1
16;20121;F;9;TULUÁ;24;-;NO DESERTOR;NO;0;MAS DE 2 Y MENOS DE 4 SALARIOS MINIMOS;Si;44,13;0;6;5;1
16;20192;M;2;TULUÁ;19;-;NO DESERTOR;NO;0;MAS DE 2 Y MENOS DE 4 SALARIOS MINIMOS;NO;43,11;0;5;4;1
16;20121;F;8;TULUÁ;26;-;NO DESERTOR;NO;2;DOS SALARIOS MÍNIMOS O MENOS;NO;44,32;1;8;7;1
16;20121;M;9;TULUÁ;27;-;NO DESERTOR;NO;2;DOS SALARIOS MÍNIMOS O MENOS;NO;47,2;0;4;3;1
16;20192;M;1;TULUÁ;22;-;NO DESERTOR;NO;0;DOS SALARIOS MÍNIMOS O MENOS;NO;60,91;1;5;4;1
16;20192;F;2;TULUÁ;18;-;NO DESERTOR;NO;4;MAS DE 2 Y MENOS DE 4 SALARIOS MINIMOS;NO;51,57;0;7;6;1
16;20192;F;1;GUADALAJARA DE BUGA;18;-;NO DESERTOR;NO;0;MAS DE 2 Y MENOS DE 4 SALARIOS MINIMOS;NO;49,68;1;5;4;1
15;20192;M;1;BUENAVENTURA;18;-;NO DESERTOR;NO;0;MAS DE 2 Y MENOS DE 4 SALARIOS MINIMOS;NO;48,97;0;4;3;1
15;20192;F;1;TULUÁ;20;-;NO DESERTOR;NO;0;DOS SALARIOS MÍNIMOS O MENOS;NO;51,48;0;6;5;1
15;20192;F;2;LA UNIÓN;21;INACTIVIDAD ACADEMICA;DESERTOR;NO;0;MAS DE 4 Y MENOS DE 6 SALARIOS MINIMOS;NO;41,72;1;4;3;1
15;20192;F;1;TULUÁ;24;-;NO DESERTOR;NO;0;DOS SALARIOS MÍNIMOS O MENOS;NO;51,17;0;9;8;1
15;20121;M;7;TULUÁ;23;-;NO DESERTOR;NO;2;MAS DE 2 Y MENOS DE 4 SALARIOS MINIMOS;NO;52,71;0;4;3;1
15;20192;M;3;RIOFRÍO;21;-;NO DESERTOR;NO;0;MAS DE 4 Y MENOS DE 6 SALARIOS MINIMOS;NO;60,41;0;8;6;2
15;20121;F;9;TULUÁ;24;-;NO DESERTOR;NO;0;MAS DE 2 Y MENOS DE 4 SALARIOS MINIMOS;Si;52,66;0;6;5;1
15;20192;F;1;TULUÁ;20;-;NO DESERTOR;NO;0;DOS SALARIOS MÍNIMOS O MENOS;NO;45,67;0;5;4;1
15;20121;M;4;TULUÁ;21;-;NO DESERTOR;NO;0;DOS SALARIOS MÍNIMOS O MENOS;NO;58,12;1;6;5;1
15;20121;M;7;GUADALAJARA DE BUGA;30;-;NO DESERTOR;NO;0;MAS DE 2 Y MENOS DE 4 SALARIOS MINIMOS;NO;46,07;1;7;6;1
15;20121;M;10;TULUÁ;25;-;NO DESERTOR;NO;0;MAS DE 6 Y MENOS DE 8 SALARIOS MINIMOS;Si;52,9;0;7;6;1
15;20192;M;2;TULUÁ;20;-;NO DESERTOR;NO;0;DOS SALARIOS MÍNIMOS O MENOS;NO;51,74;1;4;3;1
15;20192;M;1;GUADALAJARA DE BUGA;19;-;NO DESERTOR;NO;2;MAS DE 2 Y MENOS DE 4 SALARIOS MINIMOS;NO;47,69;1;5;4;1
15;20121;F;8;ANDALUCÍA;24;-;NO DESERTOR;NO;0;DOS SALARIOS MÍNIMOS O MENOS;NO;38,19;0;7;5;2
15;20121;F;7;ANSERMA;26;-;NO DESERTOR;NO;0;MAS DE 2 Y MENOS DE 4 SALARIOS MINIMOS;NO;47,44;0;2;1;1
15;20192;F;2;TULUÁ;27;-;NO DESERTOR;NO;0;MAS DE 2 Y MENOS DE 4 SALARIOS MINIMOS;NO;47,09;1;4;3;1
15;20192;F;1;BUGALAGRANDE;20;-;NO DESERTOR;NO;0;DOS SALARIOS MÍNIMOS O MENOS;NO;31,38;1;4;3;1
15;20192;F;3;TULUÁ;20;-;NO DESERTOR;NO;0;MAS DE 2 Y MENOS DE 4 SALARIOS MINIMOS;NO;57,85;0;6;5;1
15;20121;F;9;TULUÁ;24;-;NO DESERTOR;NO;0;MAS DE 2 Y MENOS DE 4 SALARIOS MINIMOS;Si;55,64;0;6;5;1
15;20192;F;1;TULUÁ;21;-;NO DESERTOR;NO;1;DOS SALARIOS MÍNIMOS O MENOS;NO;56,57;0;4;3;1
15;20192;M;3;GUADALAJARA DE BUGA;21;-;NO DESERTOR;NO;0;DOS SALARIOS MÍNIMOS O MENOS;NO;54,98;1;8;6;2
15;20192;M;1;TULUÁ;22;-;NO DESERTOR;NO;0;DOS SALARIOS MÍNIMOS O MENOS;NO;38,05;1;6;5;1
15;20121;M;4;TULUÁ;26;-;NO DESERTOR;NO;0;DOS SALARIOS MÍNIMOS O MENOS;NO;43,57;1;8;7;1
15;20192;M;1;TULUÁ;20;-;NO DESERTOR;NO;0;DOS SALARIOS MÍNIMOS O MENOS;NO;53,79;0;5;4;1
15;20192;F;4;EL CERRITO;22;-;NO DESERTOR;NO;2;MAS DE 2 Y MENOS DE 4 SALARIOS MINIMOS;NO;50,25;1;7;5;2
15;20121;M;4;TULUÁ;23;-;NO DESERTOR;NO;0;MAS DE 2 Y MENOS DE 4 SALARIOS MINIMOS;NO;62,9;1;6;5;1
15;20121;M;7;BUGALAGRANDE;27;-;NO DESERTOR;NO;0;DOS SALARIOS MÍNIMOS O MENOS;NO;46,81;1;9;7;2
15;20121;M;8;TULUÁ;27;-;NO DESERTOR;SI;1;MAS DE 2 Y MENOS DE 4 SALARIOS MINIMOS;Si;51,95;0;5;4;1
15;20121;M;1;BUGALAGRANDE;23;-;NO DESERTOR;NO;2;MAS DE 2 Y MENOS DE 4 SALARIOS MINIMOS;NO;52,72;1;6;5;1
15;20192;M;3;TULUÁ;22;-;NO DESERTOR;NO;0;NO DEFINIDO;NO;60,55;1;6;5;1
15;20121;M;8;TULUÁ;26;-;NO DESERTOR;NO;0;MAS DE 6 Y MENOS DE 8 SALARIOS MINIMOS;NO;50,32;0;8;7;1
15;20192;F;1;SAN PEDRO;19;-;NO DESERTOR;NO;0;DOS SALARIOS MÍNIMOS O MENOS;NO;46,63;0;5;4;1
15;20121;F;5;BUGALAGRANDE;24;-;NO DESERTOR;NO;0;MAS DE 2 Y MENOS DE 4 SALARIOS MINIMOS;NO;68,93;0;3;2;1
15;20121;M;7;ANDALUCÍA;29;-;NO DESERTOR;NO;0;MAS DE 2 Y MENOS DE 4 SALARIOS MINIMOS;NO;57,2;0;4;3;1
15;20121;M;7;TULUÁ;25;-;NO DESERTOR;NO;0;MAS DE 2 Y MENOS DE 4 SALARIOS MINIMOS;NO;52,33;0;5;4;1
15;20121;M;4;BUENAVENTURA;25;-;NO DESERTOR;NO;0;MAS DE 2 Y MENOS DE 4 SALARIOS MINIMOS;NO;46,95;1;5;4;1
15;20121;M;7;GUADALAJARA DE BUGA;22;-;NO DESERTOR;NO;0;DOS SALARIOS MÍNIMOS O MENOS;NO;60,19;0;6;5;1
15;20192;M;1;TULUÁ;19;-;NO DESERTOR;NO;0;DOS SALARIOS MÍNIMOS O MENOS;NO;57,01;1;5;4;1
15;20192;M;2;GUADALAJARA DE BUGA;21;-;NO DESERTOR;NO;0;MAS DE 4 Y MENOS DE 6 SALARIOS MINIMOS;NO;58,55;1;4;3;1
15;20121;F;6;TULUÁ;22;-;NO DESERTOR;NO;0;NO DEFINIDO;NO;55,06;0;9;8;1
15;20121;F;4;SAN PEDRO;26;-;NO DESERTOR;NO;0;DOS SALARIOS MÍNIMOS O MENOS;NO;43,1;1;6;4;2
15;20192;F;3;TULUÁ;20;-;NO DESERTOR;NO;0;MAS DE 2 Y MENOS DE 4 SALARIOS MINIMOS;NO;53,21;0;6;5;1
15;20121;F;4;TULUÁ;28;-;NO DESERTOR;NO;1;MAS DE 4 Y MENOS DE 6 SALARIOS MINIMOS;NO;46,16;0;7;6;1
15;20192;F;1;TULUÁ;21;INACTIVIDAD ACADEMICA;DESERTOR;NO;0;MAS DE 2 Y MENOS DE 4 SALARIOS MINIMOS;NO;38,5;2;4;3;1
15;20121;M;4;TULUÁ;25;-;NO DESERTOR;NO;0;MAS DE 2 Y MENOS DE 4 SALARIOS MINIMOS;NO;59,65;0;5;4;1
15;20121;M;7;EL CERRITO;24;-;NO DESERTOR;NO;2;MAS DE 4 Y MENOS DE 6 SALARIOS MINIMOS;NO;61,24;1;6;5;1
15;20192;F;3;TULUÁ;23;-;NO DESERTOR;NO;0;MAS DE 2 Y MENOS DE 4 SALARIOS MINIMOS;NO;57;0;5;4;1
15;20192;F;4;BUGALAGRANDE;21;-;NO DESERTOR;NO;0;DOS SALARIOS MÍNIMOS O MENOS;NO;58,7;0;5;4;1
15;20192;F;1;TULUÁ;20;-;NO DESERTOR;NO;0;DOS SALARIOS MÍNIMOS O MENOS;NO;43,13;0;5;4;1
15;20121;M;4;TULUÁ;25;INACTIVIDAD ACADEMICA;DESERTOR;NO;1;MAS DE 2 Y MENOS DE 4 SALARIOS MINIMOS;NO;33,39;0;6;5;1
15;20121;M;4;TULUÁ;24;-;NO DESERTOR;NO;1;DOS SALARIOS MÍNIMOS O MENOS;NO;51,17;0;4;3;1
15;20121;M;11;TULUÁ;27;-;NO DESERTOR;NO;0;MAS DE 4 Y MENOS DE 6 SALARIOS MINIMOS;Si;54,16;0;7;6;1
15;20121;M;9;TULUÁ;26;-;NO DESERTOR;NO;1;MAS DE 4 Y MENOS DE 6 SALARIOS MINIMOS;NO;55,8;1;5;4;1
15;20192;F;3;TULUÁ;20;-;NO DESERTOR;NO;0;DOS SALARIOS MÍNIMOS O MENOS;NO;54,01;1;5;4;1
15;20121;F;4;TULUÁ;25;-;NO DESERTOR;NO;1;MAS DE 2 Y MENOS DE 4 SALARIOS MINIMOS;NO;40,27;1;4;3;1
15;20192;F;2;GUADALAJARA DE BUGA;19;-;NO DESERTOR;NO;0;MAS DE 2 Y MENOS DE 4 SALARIOS MINIMOS;NO;71,35;1;4;3;1
15;20121;F;9;BUGALAGRANDE;26;-;NO DESERTOR;NO;0;DOS SALARIOS MÍNIMOS O MENOS;Si;51,44;1;6;5;1
15;20121;F;9;TULUÁ;24;-;NO DESERTOR;NO;2;DOS SALARIOS MÍNIMOS O MENOS;Si;48,41;0;7;6;1
15;20121;F;7;EL CERRITO;28;-;NO DESERTOR;NO;0;MAS DE 2 Y MENOS DE 4 SALARIOS MINIMOS;NO;44,44;1;5;4;1
15;20121;M;7;TULUÁ;30;-;NO DESERTOR;NO;0;MAS DE 2 Y MENOS DE 4 SALARIOS MINIMOS;NO;47,54;3;2;1;1
15;20121;M;7;GUADALAJARA DE BUGA;25;-;NO DESERTOR;NO;2;DOS SALARIOS MÍNIMOS O MENOS;NO;48,4;1;5;4;1
15;20121;M;6;TULUÁ;25;-;NO DESERTOR;NO;2;MAS DE 2 Y MENOS DE 4 SALARIOS MINIMOS;NO;61,03;1;6;5;1
15;20121;F;5;TULUÁ;22;-;NO DESERTOR;NO;1;DOS SALARIOS MÍNIMOS O MENOS;NO;50,95;0;5;4;1
15;20121;M;5;GUADALAJARA DE BUGA;23;-;NO DESERTOR;NO;2;DOS SALARIOS MÍNIMOS O MENOS;NO;55,24;1;4;3;1
15;20121;F;3;SAN PEDRO;22;-;NO DESERTOR;NO;0;DOS SALARIOS MÍNIMOS O MENOS;NO;52,28;0;9;8;1
15;20192;M;1;TULUÁ;20;-;NO DESERTOR;NO;1;MAS DE 2 Y MENOS DE 4 SALARIOS MINIMOS;NO;51,38;0;5;4;1
15;20192;M;1;TULUÁ;20;-;NO DESERTOR;NO;2;DOS SALARIOS MÍNIMOS O MENOS;NO;45,11;0;4;3;1
15;20121;M;5;TULUÁ;24;-;NO DESERTOR;NO;0;DOS SALARIOS MÍNIMOS O MENOS;NO;51,29;0;7;6;1
15;20121;F;4;TULUÁ;23;-;NO DESERTOR;NO;0;DOS SALARIOS MÍNIMOS O MENOS;NO;48,49;1;5;4;1
15;20121;F;5;TULUÁ;26;-;NO DESERTOR;SI;0;DOS SALARIOS MÍNIMOS O MENOS;NO;48,29;0;5;4;1
15;20121;F;6;TULUÁ;25;-;NO DESERTOR;NO;0;MAS DE 2 Y MENOS DE 4 SALARIOS MINIMOS;NO;58,51;0;7;6;1
15;20121;M;9;GUADALAJARA DE BUGA;24;-;NO DESERTOR;NO;1;MAS DE 4 Y MENOS DE 6 SALARIOS MINIMOS;Si;60,39;0;6;5;1
15;20192;M;4;TULUÁ;26;-;NO DESERTOR;NO;0;DOS SALARIOS MÍNIMOS O MENOS;NO;50,14;0;5;4;1
15;20192;M;3;BUENAVENTURA;21;-;NO DESERTOR;NO;0;MAS DE 2 Y MENOS DE 4 SALARIOS MINIMOS;NO;60,73;0;5;4;1
15;20121;M;6;ANDALUCÍA;28;-;NO DESERTOR;NO;0;DOS SALARIOS MÍNIMOS O MENOS;NO;54,73;0;5;4;1
15;20192;M;4;TULUÁ;26;-;NO DESERTOR;SI;0;MAS DE 2 Y MENOS DE 4 SALARIOS MINIMOS;NO;37,05;1;6;5;1
15;20121;F;6;TULUÁ;23;-;NO DESERTOR;NO;0;MAS DE 2 Y MENOS DE 4 SALARIOS MINIMOS;NO;54,72;0;5;4;1
15;20192;F;3;RIOFRÍO;21;-;NO DESERTOR;NO;0;NO DEFINIDO;NO;60,55;0;7;6;1
15;20121;F;7;RIOFRÍO;25;-;NO DESERTOR;NO;0;MAS DE 2 Y MENOS DE 4 SALARIOS MINIMOS;NO;41,75;0;5;4;1
15;20121;F;9;TULUÁ;23;-;NO DESERTOR;NO;0;DOS SALARIOS MÍNIMOS O MENOS;NO;50,12;0;7;6;1
15;20121;F;6;TULUÁ;22;-;NO DESERTOR;NO;1;DOS SALARIOS MÍNIMOS O MENOS;NO;58,65;0;7;6;1
15;20192;F;3;TULUÁ;21;-;NO DESERTOR;NO;0;MAS DE 2 Y MENOS DE 4 SALARIOS MINIMOS;NO;61,72;0;7;5;2
15;20121;F;4;TULUÁ;22;-;NO DESERTOR;NO;0;MAS DE 2 Y MENOS DE 4 SALARIOS MINIMOS;NO;55,15;0;5;4;1
15;20121;F;7;TULUÁ;24;-;NO DESERTOR;NO;0;MAS DE 4 Y MENOS DE 6 SALARIOS MINIMOS;NO;49,56;0;5;4;1
15;20121;F;4;TULUÁ;21;-;NO DESERTOR;NO;0;MAS DE 2 Y MENOS DE 4 SALARIOS MINIMOS;NO;51,93;0;6;4;2
15;20192;F;1;TULUÁ;19;-;NO DESERTOR;NO;0;DOS SALARIOS MÍNIMOS O MENOS;NO;68,54;0;8;7;1
15;20192;M;1;TULUÁ;22;-;NO DESERTOR;NO;0;MAS DE 2 Y MENOS DE 4 SALARIOS MINIMOS;NO;40,05;1;5;4;1
15;20192;F;4;TULUÁ;22;-;NO DESERTOR;NO;0;MAS DE 2 Y MENOS DE 4 SALARIOS MINIMOS;NO;44,6;0;5;4;1
15;20192;F;3;ANDALUCÍA;20;-;NO DESERTOR;NO;0;NO DEFINIDO;NO;53,55;0;5;4;1
15;20192;F;1;TULUÁ;26;-;NO DESERTOR;NO;0;MAS DE 2 Y MENOS DE 4 SALARIOS MINIMOS;NO;49,89;1;5;4;1
15;20192;M;2;BUENAVENTURA;20;-;NO DESERTOR;NO;0;DOS SALARIOS MÍNIMOS O MENOS;NO;63,3;1;4;3;1
15;20121;M;8;ANDALUCÍA;23;-;NO DESERTOR;NO;0;MAS DE 2 Y MENOS DE 4 SALARIOS MINIMOS;NO;58,51;1;3;2;1
15;20192;M;1;BUENAVENTURA;19;-;NO DESERTOR;NO;0;MAS DE 2 Y MENOS DE 4 SALARIOS MINIMOS;NO;36,29;1;5;4;1
15;20121;M;5;TULUÁ;25;-;NO DESERTOR;NO;0;MAS DE 2 Y MENOS DE 4 SALARIOS MINIMOS;NO;52,87;0;5;4;1
15;20121;M;4;BUENAVENTURA;24;-;NO DESERTOR;NO;0;NO DEFINIDO;NO;57,15;0;6;5;1
15;20121;M;7;PALMIRA;26;-;NO DESERTOR;NO;0;MAS DE 4 Y MENOS DE 6 SALARIOS MINIMOS;NO;46,24;0;9;6;3
15;20121;F;6;TULUÁ;26;-;NO DESERTOR;NO;0;MAS DE 2 Y MENOS DE 4 SALARIOS MINIMOS;NO;48,38;0;6;4;2
15;20192;M;4;TULUÁ;22;-;NO DESERTOR;NO;0;MAS DE 8 SALARIOS MINIMOS;NO;62,62;0;6;5;1
15;20192;F;2;ANDALUCÍA;21;-;NO DESERTOR;NO;0;MAS DE 2 Y MENOS DE 4 SALARIOS MINIMOS;NO;70,56;0;4;3;1
15;20121;M;10;TULUÁ;29;-;NO DESERTOR;NO;3;MAS DE 4 Y MENOS DE 6 SALARIOS MINIMOS;Si;39,36;0;8;6;2
15;20192;M;3;TULUÁ;21;-;NO DESERTOR;NO;0;DOS SALARIOS MÍNIMOS O MENOS;NO;55,32;0;5;4;1
15;20121;M;7;GUADALAJARA DE BUGA;23;-;NO DESERTOR;NO;1;MAS DE 2 Y MENOS DE 4 SALARIOS MINIMOS;NO;65,44;0;6;4;2
15;20091;M;1;TULUÁ;31;-;NO DESERTOR;NO;0;NO DEFINIDO;Si;50,95;0;1;0;1
15;20192;M;3;TULUÁ;21;-;NO DESERTOR;NO;1;NO DEFINIDO;NO;55,44;1;5;4;1
15;20192;M;3;BUENAVENTURA;20;-;NO DESERTOR;NO;2;MAS DE 2 Y MENOS DE 4 SALARIOS MINIMOS;NO;47,12;1;6;5;1
15;20121;M;9;TULUÁ;29;-;NO DESERTOR;NO;0;NO DEFINIDO;Si;56,52;3;2;1;1
15;20121;M;9;TULUÁ;24;-;NO DESERTOR;NO;2;MAS DE 2 Y MENOS DE 4 SALARIOS MINIMOS;Si;53,73;0;9;8;1
15;20121;M;8;TULUÁ;23;-;NO DESERTOR;NO;0;MAS DE 2 Y MENOS DE 4 SALARIOS MINIMOS;NO;51,05;1;4;3;1
15;20121;M;8;TULUÁ;23;-;NO DESERTOR;NO;0;MAS DE 2 Y MENOS DE 4 SALARIOS MINIMOS;Si;58,46;0;6;5;1
15;20121;M;7;TULUÁ;24;-;NO DESERTOR;SI;0;MAS DE 2 Y MENOS DE 4 SALARIOS MINIMOS;NO;55,05;0;5;4;1
15;20192;M;1;BUENAVENTURA;19;-;NO DESERTOR;NO;0;MAS DE 2 Y MENOS DE 4 SALARIOS MINIMOS;NO;44,71;1;4;3;1
15;20121;M;6;TULUÁ;22;-;NO DESERTOR;NO;0;MAS DE 4 Y MENOS DE 6 SALARIOS MINIMOS;NO;49,97;1;6;5;1
15;20192;M;2;GUADALAJARA DE BUGA;20;-;NO DESERTOR;NO;1;DOS SALARIOS MÍNIMOS O MENOS;NO;66,32;1;4;3;1
15;20121;M;10;TULUÁ;31;INACTIVIDAD ACADEMICA;DESERTOR;NO;1;NO DEFINIDO;NO;48,73;1;3;1;2
15;20121;M;10;GUADALAJARA DE BUGA;24;INACTIVIDAD ACADEMICA;DESERTOR;NO;2;DOS SALARIOS MÍNIMOS O MENOS;NO;51,89;0;10;9;1
15;20121;M;9;GUADALAJARA DE BUGA;24;-;NO DESERTOR;NO;0;NO DEFINIDO;Si;50,95;0;7;6;1
15;20121;M;7;TULUÁ;21;-;NO DESERTOR;NO;0;MAS DE 2 Y MENOS DE 4 SALARIOS MINIMOS;NO;47,93;0;6;5;1
15;20121;M;6;TULUÁ;22;-;NO DESERTOR;NO;0;DOS SALARIOS MÍNIMOS O MENOS;NO;57,06;0;8;7;1
15;20121;M;5;TULUÁ;22;-;NO DESERTOR;NO;0;DOS SALARIOS MÍNIMOS O MENOS;NO;50,95;0;7;6;1
15;20192;M;4;TULUÁ;22;-;NO DESERTOR;NO;1;DOS SALARIOS MÍNIMOS O MENOS;NO;48,88;0;4;3;1
15;20121;M;4;TULUÁ;28;-;NO DESERTOR;NO;0;DOS SALARIOS MÍNIMOS O MENOS;NO;43,56;2;2;1;1
15;20121;M;5;TULUÁ;23;-;NO DESERTOR;NO;0;MAS DE 4 Y MENOS DE 6 SALARIOS MINIMOS;NO;58,38;0;6;5;1
15;20192;M;3;TULUÁ;22;-;NO DESERTOR;NO;0;MAS DE 2 Y MENOS DE 4 SALARIOS MINIMOS;NO;60,02;0;5;4;1
15;20121;M;7;TULUÁ;25;-;NO DESERTOR;NO;1;MAS DE 4 Y MENOS DE 6 SALARIOS MINIMOS;NO;52,08;1;4;3;1
15;20121;M;4;BUGALAGRANDE;22;-;NO DESERTOR;NO;0;MAS DE 2 Y MENOS DE 4 SALARIOS MINIMOS;NO;55,73;0;5;4;1
15;20121;M;5;TULUÁ;22;-;NO DESERTOR;NO;1;DOS SALARIOS MÍNIMOS O MENOS;NO;53,39;0;8;7;1
15;20192;M;4;TULUÁ;22;-;NO DESERTOR;NO;0;NO DEFINIDO;NO;59,06;0;8;6;2
15;20192;M;1;ANDALUCÍA;19;-;NO DESERTOR;NO;0;DOS SALARIOS MÍNIMOS O MENOS;NO;38,93;1;5;4;1
15;20121;M;8;TULUÁ;26;-;NO DESERTOR;NO;0;MAS DE 2 Y MENOS DE 4 SALARIOS MINIMOS;Si;46,4;0;5;4;1
15;20121;M;6;TRUJILLO;22;-;NO DESERTOR;NO;0;MAS DE 2 Y MENOS DE 4 SALARIOS MINIMOS;NO;56,55;0;5;4;1
15;20121;M;4;TULUÁ;23;-;NO DESERTOR;NO;0;MAS DE 2 Y MENOS DE 4 SALARIOS MINIMOS;NO;52,14;1;6;5;1
15;20192;M;2;TULUÁ;20;-;NO DESERTOR;NO;0;NO DEFINIDO;NO;47,98;1;6;5;1
15;20192;M;3;TULUÁ;20;-;NO DESERTOR;NO;1;MAS DE 2 Y MENOS DE 4 SALARIOS MINIMOS;NO;48,79;0;4;3;1
15;20192;M;1;TULUÁ;22;-;NO DESERTOR;NO;0;MAS DE 2 Y MENOS DE 4 SALARIOS MINIMOS;NO;50,44;0;8;7;1
15;20121;M;9;TULUÁ;23;-;NO DESERTOR;NO;1;MAS DE 2 Y MENOS DE 4 SALARIOS MINIMOS;Si;51,56;0;7;6;1
15;20121;M;4;TULUÁ;21;-;NO DESERTOR;NO;0;MAS DE 4 Y MENOS DE 6 SALARIOS MINIMOS;NO;50,95;0;8;6;2
15;20121;M;5;TULUÁ;23;-;NO DESERTOR;NO;2;MAS DE 4 Y MENOS DE 6 SALARIOS MINIMOS;NO;48,01;0;5;4;1
15;20192;M;1;TULUÁ;20;-;NO DESERTOR;NO;0;DOS SALARIOS MÍNIMOS O MENOS;NO;39,06;0;1;0;1
15;20121;M;4;GUADALAJARA DE BUGA;22;-;NO DESERTOR;NO;0;MAS DE 2 Y MENOS DE 4 SALARIOS MINIMOS;NO;58,87;1;7;5;2
15;20192;M;2;TULUÁ;22;-;NO DESERTOR;NO;0;MAS DE 4 Y MENOS DE 6 SALARIOS MINIMOS;NO;64,53;0;5;3;2
15;20192;M;1;SAN PEDRO;18;-;NO DESERTOR;NO;0;DOS SALARIOS MÍNIMOS O MENOS;NO;64,7;0;5;4;1
15;20192;M;1;TULUÁ;20;-;NO DESERTOR;NO;4;DOS SALARIOS MÍNIMOS O MENOS;NO;46,59;1;5;4;1
15;20121;M;9;TULUÁ;30;-;NO DESERTOR;NO;0;NO DEFINIDO;NO;50,95;0;3;1;2
15;20121;M;9;TULUÁ;30;-;NO DESERTOR;NO;1;DOS SALARIOS MÍNIMOS O MENOS;NO;48,31;0;7;6;1
15;20121;M;6;ANDALUCÍA;23;-;NO DESERTOR;NO;0;DOS SALARIOS MÍNIMOS O MENOS;NO;61,27;1;5;4;1
15;20192;M;3;TULUÁ;22;-;NO DESERTOR;NO;2;DOS SALARIOS MÍNIMOS O MENOS;NO;50,53;0;6;5;1
15;20121;M;9;TULUÁ;28;-;NO DESERTOR;NO;0;MAS DE 4 Y MENOS DE 6 SALARIOS MINIMOS;Si;52,97;0;6;5;1
15;20121;M;7;BUENAVENTURA;23;-;NO DESERTOR;NO;0;DOS SALARIOS MÍNIMOS O MENOS;NO;52,92;0;8;5;3
15;20121;M;1;TULUÁ;25;-;NO DESERTOR;NO;0;DOS SALARIOS MÍNIMOS O MENOS;NO;56,29;0;8;7;1
15;20121;F;8;GUADALAJARA DE BUGA;29;-;NO DESERTOR;NO;0;DOS SALARIOS MÍNIMOS O MENOS;NO;53,12;0;3;1;2
15;20121;F;8;TULUÁ;22;-;NO DESERTOR;NO;0;MAS DE 2 Y MENOS DE 4 SALARIOS MINIMOS;Si;61,49;1;6;5;1
15;20121;M;9;TULUÁ;27;-;NO DESERTOR;NO;0;MAS DE 2 Y MENOS DE 4 SALARIOS MINIMOS;Si;47,56;1;7;6;1
15;20121;M;5;BUGALAGRANDE;22;-;NO DESERTOR;NO;0;MAS DE 2 Y MENOS DE 4 SALARIOS MINIMOS;NO;41,51;1;5;4;1
15;20121;M;7;TULUÁ;22;-;NO DESERTOR;NO;0;DOS SALARIOS MÍNIMOS O MENOS;NO;63,8;0;5;4;1
15;20121;M;3;TULUÁ;21;-;NO DESERTOR;NO;2;DOS SALARIOS MÍNIMOS O MENOS;NO;50,95;0;8;7;1
15;20192;M;4;ANDALUCÍA;22;-;NO DESERTOR;NO;0;DOS SALARIOS MÍNIMOS O MENOS;NO;43,83;0;6;5;1
15;20121;M;7;TULUÁ;25;-;NO DESERTOR;NO;0;DOS SALARIOS MÍNIMOS O MENOS;NO;53,58;0;5;4;1
15;20121;M;9;ZANJÓN HONDO - GUADALAJARA DE BUGA;24;-;NO DESERTOR;NO;0;MAS DE 2 Y MENOS DE 4 SALARIOS MINIMOS;Si;54,32;0;4;3;1
15;20121;F;9;BUENAVENTURA;23;-;NO DESERTOR;NO;0;DOS SALARIOS MÍNIMOS O MENOS;Si;49,99;0;8;7;1
15;20121;F;7;BUGALAGRANDE;22;-;NO DESERTOR;NO;0;MAS DE 4 Y MENOS DE 6 SALARIOS MINIMOS;NO;56,54;0;6;5;1
15;20121;F;7;GUADALAJARA DE BUGA;22;-;NO DESERTOR;NO;0;MAS DE 2 Y MENOS DE 4 SALARIOS MINIMOS;NO;58,2;0;4;3;1
15;20121;F;6;ROLDANILLO;26;-;NO DESERTOR;NO;0;MAS DE 4 Y MENOS DE 6 SALARIOS MINIMOS;NO;50,21;0;4;3;1
15;20121;F;5;TULUÁ;21;-;NO DESERTOR;NO;0;MAS DE 2 Y MENOS DE 4 SALARIOS MINIMOS;NO;75,77;0;7;6;1
15;20192;M;1;TULUÁ;20;-;NO DESERTOR;NO;0;MAS DE 6 Y MENOS DE 8 SALARIOS MINIMOS;NO;51,16;1;5;4;1
15;20121;M;4;TULUÁ;21;-;NO DESERTOR;NO;0;MAS DE 2 Y MENOS DE 4 SALARIOS MINIMOS;NO;49,08;1;8;7;1
15;20121;F;9;ROLDANILLO;30;INACTIVIDAD ACADEMICA;DESERTOR;NO;1;MAS DE 4 Y MENOS DE 6 SALARIOS MINIMOS;NO;52,15;0;7;6;1
15;20121;F;10;TULUÁ;26;-;NO DESERTOR;NO;2;MAS DE 2 Y MENOS DE 4 SALARIOS MINIMOS;NO;37,24;1;5;4;1
15;20121;F;4;TULUÁ;22;-;NO DESERTOR;NO;2;DOS SALARIOS MÍNIMOS O MENOS;NO;51,61;1;5;4;1
15;20192;F;1;TULUÁ;20;-;NO DESERTOR;NO;0;DOS SALARIOS MÍNIMOS O MENOS;NO;50,46;1;5;4;1
15;20192;M;1;TULUÁ;20;-;NO DESERTOR;NO;0;MAS DE 2 Y MENOS DE 4 SALARIOS MINIMOS;NO;59,55;0;5;4;1
15;20192;F;3;ANDALUCÍA;21;-;NO DESERTOR;NO;0;DOS SALARIOS MÍNIMOS O MENOS;NO;63,33;0;5;4;1
15;20121;F;5;TULUÁ;22;-;NO DESERTOR;NO;0;DOS SALARIOS MÍNIMOS O MENOS;NO;72,25;0;7;6;1
15;20192;F;2;BUENAVENTURA;22;-;NO DESERTOR;NO;0;DOS SALARIOS MÍNIMOS O MENOS;NO;63,61;0;4;3;1
15;20192;F;1;TULUÁ;19;-;NO DESERTOR;NO;2;DOS SALARIOS MÍNIMOS O MENOS;NO;50,82;0;5;4;1
15;20121;F;5;TULUÁ;21;-;NO DESERTOR;NO;0;NO DEFINIDO;NO;56,7;0;8;7;1
15;20121;F;7;ROLDANILLO;27;-;NO DESERTOR;NO;0;MAS DE 8 SALARIOS MINIMOS;NO;46,76;0;4;3;1
15;20121;F;7;GUADALAJARA DE BUGA;22;-;NO DESERTOR;NO;0;DOS SALARIOS MÍNIMOS O MENOS;NO;47,5;0;6;5;1
15;20121;M;9;TULUÁ;31;-;NO DESERTOR;NO;3;DOS SALARIOS MÍNIMOS O MENOS;Si;50,77;0;8;7;1
15;20121;F;1;TULUÁ;21;-;NO DESERTOR;NO;0;MAS DE 4 Y MENOS DE 6 SALARIOS MINIMOS;NO;56,72;1;7;6;1
15;20192;M;4;GUADALAJARA DE BUGA;21;-;NO DESERTOR;NO;0;MAS DE 2 Y MENOS DE 4 SALARIOS MINIMOS;NO;52,65;0;7;6;1
15;20121;M;7;TULUÁ;23;-;NO DESERTOR;NO;0;DOS SALARIOS MÍNIMOS O MENOS;Si;60,95;0;6;5;1
15;20192;M;1;TULUÁ;19;-;NO DESERTOR;NO;0;DOS SALARIOS MÍNIMOS O MENOS;NO;42,05;0;5;4;1
15;20121;M;8;SAN PEDRO;25;-;NO DESERTOR;NO;0;MAS DE 2 Y MENOS DE 4 SALARIOS MINIMOS;NO;45,13;0;4;3;1
15;20192;M;4;ANDALUCÍA;21;-;NO DESERTOR;NO;0;MAS DE 2 Y MENOS DE 4 SALARIOS MINIMOS;NO;59,02;0;6;5;1
15;20121;F;7;TRUJILLO;25;-;NO DESERTOR;NO;0;DOS SALARIOS MÍNIMOS O MENOS;Si;42,22;0;5;4;1
15;20121;F;1;CALI;26;-;NO DESERTOR;NO;0;MAS DE 2 Y MENOS DE 4 SALARIOS MINIMOS;Si;52,41;0;7;6;1
15;20121;F;9;ANDALUCÍA;23;-;NO DESERTOR;NO;2;NO DEFINIDO;NO;54,89;0;5;4;1
15;20121;F;7;TULUÁ;23;-;NO DESERTOR;NO;0;MAS DE 2 Y MENOS DE 4 SALARIOS MINIMOS;NO;48,45;0;5;3;2
15;20121;M;7;EL CERRITO;22;-;NO DESERTOR;NO;0;MAS DE 4 Y MENOS DE 6 SALARIOS MINIMOS;NO;49,7;1;6;5;1
15;20121;F;5;TULUÁ;22;-;NO DESERTOR;NO;0;NO DEFINIDO;NO;55,25;0;9;8;1
15;20121;F;9;TULUÁ;24;-;NO DESERTOR;NO;0;DOS SALARIOS MÍNIMOS O MENOS;NO;55,79;0;8;7;1
15;20121;F;7;TULUÁ;24;-;NO DESERTOR;NO;0;MAS DE 2 Y MENOS DE 4 SALARIOS MINIMOS;NO;60,99;0;5;4;1
15;20121;F;4;TULUÁ;22;-;NO DESERTOR;NO;0;DOS SALARIOS MÍNIMOS O MENOS;NO;57,55;1;8;7;1
15;20192;F;3;TULUÁ;22;-;NO DESERTOR;NO;0;MAS DE 2 Y MENOS DE 4 SALARIOS MINIMOS;NO;61,62;0;9;5;4
15;20192;F;3;TULUÁ;20;-;NO DESERTOR;NO;0;MAS DE 2 Y MENOS DE 4 SALARIOS MINIMOS;NO;58,54;0;6;5;1
15;20121;F;10;TULUÁ;28;INACTIVIDAD ACADEMICA;DESERTOR;NO;0;DOS SALARIOS MÍNIMOS O MENOS;NO;37,8;0;7;6;1
15;20121;F;5;TULUÁ;23;INACTIVIDAD ACADEMICA;DESERTOR;NO;0;MAS DE 4 Y MENOS DE 6 SALARIOS MINIMOS;NO;59,16;1;6;5;1
15;20192;F;4;GUADALAJARA DE BUGA;21;-;NO DESERTOR;NO;0;MAS DE 2 Y MENOS DE 4 SALARIOS MINIMOS;NO;54,67;0;7;6;1
15;20192;F;3;TULUÁ;21;-;NO DESERTOR;NO;0;DOS SALARIOS MÍNIMOS O MENOS;NO;58,07;0;7;6;1
15;20192;F;2;TULUÁ;20;-;NO DESERTOR;NO;1;DOS SALARIOS MÍNIMOS O MENOS;NO;60,5;1;4;3;1
15;20192;F;1;TULUÁ;18;-;NO DESERTOR;NO;0;MAS DE 2 Y MENOS DE 4 SALARIOS MINIMOS;NO;49,45;0;5;4;1
15;20192;F;1;TULUÁ;20;-;NO DESERTOR;NO;0;DOS SALARIOS MÍNIMOS O MENOS;NO;44,52;0;6;4;2
15;20192;F;3;SAN PEDRO;20;-;NO DESERTOR;NO;0;MAS DE 2 Y MENOS DE 4 SALARIOS MINIMOS;NO;52,01;0;7;5;2
15;20121;M;9;RIOFRÍO;33;INACTIVIDAD ACADEMICA;DESERTOR;SI;0;MAS DE 2 Y MENOS DE 4 SALARIOS MINIMOS;NO;47,76;1;6;5;1
15;20121;F;7;GUADALAJARA DE BUGA;24;-;NO DESERTOR;NO;1;DOS SALARIOS MÍNIMOS O MENOS;NO;45,83;1;7;6;1
15;20121;F;8;ANDALUCÍA;27;-;NO DESERTOR;NO;0;DOS SALARIOS MÍNIMOS O MENOS;NO;42,41;0;6;5;1
15;20121;F;3;BUGALAGRANDE;22;-;NO DESERTOR;NO;1;DOS SALARIOS MÍNIMOS O MENOS;NO;49,87;1;5;4;1
15;20121;F;9;TULUÁ;23;-;NO DESERTOR;NO;0;DOS SALARIOS MÍNIMOS O MENOS;NO;44,75;0;5;4;1
15;20192;M;3;TULUÁ;20;-;NO DESERTOR;NO;2;MAS DE 2 Y MENOS DE 4 SALARIOS MINIMOS;NO;62,22;0;5;4;1
15;20121;M;5;TULUÁ;23;-;NO DESERTOR;NO;0;MAS DE 2 Y MENOS DE 4 SALARIOS MINIMOS;NO;65,39;0;4;3;1
15;20121;F;9;TULUÁ;29;INACTIVIDAD ACADEMICA;DESERTOR;NO;0;NO DEFINIDO;Si;40;3;2;1;1
15;20121;F;9;BUGALAGRANDE;25;-;NO DESERTOR;NO;0;DOS SALARIOS MÍNIMOS O MENOS;NO;51,09;0;5;4;1
15;20121;F;8;ANDALUCÍA;24;-;NO DESERTOR;NO;0;DOS SALARIOS MÍNIMOS O MENOS;NO;67,5;0;6;5;1
15;20192;F;2;ANDALUCÍA;20;-;NO DESERTOR;NO;0;MAS DE 2 Y MENOS DE 4 SALARIOS MINIMOS;NO;70,39;0;5;4;1
15;20192;F;1;TULUÁ;19;-;NO DESERTOR;NO;0;MAS DE 4 Y MENOS DE 6 SALARIOS MINIMOS;NO;48,38;0;7;6;1
15;20121;F;6;TULUÁ;23;-;NO DESERTOR;NO;0;DOS SALARIOS MÍNIMOS O MENOS;NO;58,43;0;7;6;1
15;20192;F;4;TULUÁ;21;-;NO DESERTOR;NO;1;NO DEFINIDO;NO;43,35;1;6;5;1
15;20192;F;1;TULUÁ;19;-;NO DESERTOR;NO;0;DOS SALARIOS MÍNIMOS O MENOS;NO;48,34;1;6;5;1
15;20192;F;1;TULUÁ;21;-;NO DESERTOR;NO;1;DOS SALARIOS MÍNIMOS O MENOS;NO;43,82;0;5;4;1
15;20192;F;1;ROLDANILLO;20;-;NO DESERTOR;SI;0;DOS SALARIOS MÍNIMOS O MENOS;NO;37,38;1;5;4;1
15;20121;F;5;TULUÁ;21;-;NO DESERTOR;NO;0;DOS SALARIOS MÍNIMOS O MENOS;NO;64,81;0;8;7;1
15;20192;F;1;BUENAVENTURA;18;INACTIVIDAD ACADEMICA;DESERTOR;NO;3;MAS DE 4 Y MENOS DE 6 SALARIOS MINIMOS;NO;51,94;2;3;3;0
15;20192;M;1;BUGALAGRANDE;21;-;NO DESERTOR;NO;0;MAS DE 2 Y MENOS DE 4 SALARIOS MINIMOS;NO;39,02;1;5;4;1
15;20192;M;1;GUADALAJARA DE BUGA;21;-;NO DESERTOR;NO;2;MAS DE 2 Y MENOS DE 4 SALARIOS MINIMOS;NO;38,31;0;7;6;1
15;20121;M;5;ANDALUCÍA;20;-;NO DESERTOR;NO;0;MAS DE 2 Y MENOS DE 4 SALARIOS MINIMOS;NO;47,95;0;6;5;1
15;20121;F;4;TULUÁ;21;-;NO DESERTOR;NO;0;DOS SALARIOS MÍNIMOS O MENOS;NO;42,9;0;4;3;1
15;20121;M;8;TULUÁ;23;-;NO DESERTOR;NO;0;MAS DE 2 Y MENOS DE 4 SALARIOS MINIMOS;NO;61,42;1;6;5;1
15;20121;M;8;TRUJILLO;23;-;NO DESERTOR;NO;0;MAS DE 2 Y MENOS DE 4 SALARIOS MINIMOS;NO;54,77;1;6;5;1
15;20121;F;9;TULUÁ;23;-;NO DESERTOR;NO;0;DOS SALARIOS MÍNIMOS O MENOS;NO;48,31;0;6;5;1
15;20192;M;4;GUADALAJARA DE BUGA;21;-;NO DESERTOR;NO;0;MAS DE 2 Y MENOS DE 4 SALARIOS MINIMOS;NO;50,95;0;1;0;1
15;20121;F;8;TULUÁ;28;-;NO DESERTOR;NO;2;NO DEFINIDO;Si;51,13;0;3;2;1
15;20121;M;7;TULUÁ;22;-;NO DESERTOR;NO;0;DOS SALARIOS MÍNIMOS O MENOS;NO;55,68;0;5;4;1
15;20192;M;1;TULUÁ;19;-;NO DESERTOR;NO;0;DOS SALARIOS MÍNIMOS O MENOS;NO;40,42;1;5;4;1
15;20121;M;6;ANDALUCÍA;22;-;NO DESERTOR;NO;0;DOS SALARIOS MÍNIMOS O MENOS;NO;56,26;0;6;4;2
15;20192;M;3;TULUÁ;21;-;NO DESERTOR;NO;0;DOS SALARIOS MÍNIMOS O MENOS;NO;63,62;0;6;5;1
15;20192;M;3;GUADALAJARA DE BUGA;20;-;NO DESERTOR;NO;0;MAS DE 2 Y MENOS DE 4 SALARIOS MINIMOS;NO;51,06;0;6;5;1
15;20192;M;1;TULUÁ;23;-;NO DESERTOR;NO;0;MAS DE 6 Y MENOS DE 8 SALARIOS MINIMOS;NO;53,03;0;5;4;1
15;20192;M;1;TULUÁ;19;-;NO DESERTOR;NO;0;MAS DE 2 Y MENOS DE 4 SALARIOS MINIMOS;NO;51,08;0;5;4;1
15;20121;M;7;TULUÁ;28;-;NO DESERTOR;NO;0;MAS DE 2 Y MENOS DE 4 SALARIOS MINIMOS;NO;40;0;4;3;1
15;20121;F;8;TULUÁ;24;-;NO DESERTOR;SI;2;MAS DE 2 Y MENOS DE 4 SALARIOS MINIMOS;NO;54,97;0;6;5;1
15;20192;F;1;BUGALAGRANDE;19;INACTIVIDAD ACADEMICA;DESERTOR;NO;0;MAS DE 2 Y MENOS DE 4 SALARIOS MINIMOS;NO;52,89;3;4;4;0
15;20121;M;8;GINEBRA;23;-;NO DESERTOR;NO;0;DOS SALARIOS MÍNIMOS O MENOS;NO;59,83;0;6;5;1
15;20121;M;7;TULUÁ;23;-;NO DESERTOR;NO;1;DOS SALARIOS MÍNIMOS O MENOS;NO;55,91;0;5;4;1
15;20121;M;7;TULUÁ;27;-;NO DESERTOR;NO;0;DOS SALARIOS MÍNIMOS O MENOS;NO;48,08;0;2;1;1
15;20121;M;7;ANDALUCÍA;27;-;NO DESERTOR;NO;0;MAS DE 2 Y MENOS DE 4 SALARIOS MINIMOS;NO;43,34;1;4;3;1
15;20192;M;3;BUGALAGRANDE;20;-;NO DESERTOR;NO;0;MAS DE 2 Y MENOS DE 4 SALARIOS MINIMOS;NO;52,89;0;6;5;1
15;20121;M;9;ANDALUCÍA;24;-;NO DESERTOR;NO;2;MAS DE 8 SALARIOS MINIMOS;NO;49,08;1;8;7;1
15;20121;M;7;CALI;24;-;NO DESERTOR;NO;0;MAS DE 4 Y MENOS DE 6 SALARIOS MINIMOS;NO;52,27;0;7;6;1
15;20121;F;7;TULUÁ;23;-;NO DESERTOR;NO;0;MAS DE 2 Y MENOS DE 4 SALARIOS MINIMOS;NO;51,45;0;5;4;1
15;20121;F;8;TULUÁ;24;-;NO DESERTOR;NO;0;MAS DE 2 Y MENOS DE 4 SALARIOS MINIMOS;NO;46,54;0;4;3;1
15;20192;M;2;TULUÁ;21;-;NO DESERTOR;NO;0;DOS SALARIOS MÍNIMOS O MENOS;NO;57,3;0;4;3;1
15;20121;F;5;TULUÁ;28;-;NO DESERTOR;NO;0;MAS DE 2 Y MENOS DE 4 SALARIOS MINIMOS;NO;45;0;2;1;1
15;20121;F;10;TULUÁ;25;-;NO DESERTOR;NO;0;DOS SALARIOS MÍNIMOS O MENOS;NO;53,98;0;8;7;1
15;20192;F;1;ZARZAL;20;-;NO DESERTOR;NO;0;MAS DE 2 Y MENOS DE 4 SALARIOS MINIMOS;NO;42,8;1;5;4;1
15;20121;M;7;GUADALAJARA DE BUGA;23;-;NO DESERTOR;NO;0;MAS DE 2 Y MENOS DE 4 SALARIOS MINIMOS;NO;58,09;0;5;4;1
15;20121;M;9;TULUÁ;26;-;NO DESERTOR;NO;0;MAS DE 6 Y MENOS DE 8 SALARIOS MINIMOS;NO;46,06;0;3;2;1
15;20121;F;9;BUGALAGRANDE;24;-;NO DESERTOR;NO;0;MAS DE 2 Y MENOS DE 4 SALARIOS MINIMOS;NO;56,3;0;4;3;1
15;20121;F;8;TULUÁ;22;-;NO DESERTOR;NO;0;DOS SALARIOS MÍNIMOS O MENOS;NO;48,03;0;4;3;1
15;20121;F;7;TULUÁ;24;-;NO DESERTOR;NO;0;MAS DE 6 Y MENOS DE 8 SALARIOS MINIMOS;NO;54,97;0;4;3;1
15;20121;F;7;TULUÁ;22;-;NO DESERTOR;NO;0;MAS DE 6 Y MENOS DE 8 SALARIOS MINIMOS;NO;52,04;0;5;4;1
15;20121;F;7;TULUÁ;23;-;NO DESERTOR;NO;0;DOS SALARIOS MÍNIMOS O MENOS;NO;64,81;0;4;3;1
15;20121;F;5;TULUÁ;22;-;NO DESERTOR;NO;0;DOS SALARIOS MÍNIMOS O MENOS;NO;57,26;0;5;4;1
15;20121;F;1;ANDALUCÍA;21;-;NO DESERTOR;NO;0;DOS SALARIOS MÍNIMOS O MENOS;NO;56,72;1;8;7;1
15;20121;F;6;SAN PEDRO;25;-;NO DESERTOR;NO;0;DOS SALARIOS MÍNIMOS O MENOS;NO;45,05;1;5;4;1
15;20121;F;4;TULUÁ;25;-;NO DESERTOR;NO;2;MAS DE 4 Y MENOS DE 6 SALARIOS MINIMOS;NO;50,95;0;7;4;3
15;20121;F;9;TULUÁ;25;-;NO DESERTOR;NO;0;MAS DE 2 Y MENOS DE 4 SALARIOS MINIMOS;NO;48,93;0;4;3;1
15;20121;F;6;GUACARÍ;21;-;NO DESERTOR;NO;1;DOS SALARIOS MÍNIMOS O MENOS;NO;65,02;0;8;6;2
15;20192;F;4;TULUÁ;23;-;NO DESERTOR;NO;0;DOS SALARIOS MÍNIMOS O MENOS;NO;60,55;0;6;5;1
15;20192;F;3;TULUÁ;20;-;NO DESERTOR;NO;2;MAS DE 2 Y MENOS DE 4 SALARIOS MINIMOS;NO;61,88;0;6;5;1
15;20192;F;2;GUADALAJARA DE BUGA;20;-;NO DESERTOR;NO;0;MAS DE 2 Y MENOS DE 4 SALARIOS MINIMOS;NO;59,93;0;4;3;1
15;20192;F;1;TULUÁ;20;-;NO DESERTOR;NO;0;DOS SALARIOS MÍNIMOS O MENOS;NO;50,22;0;5;4;1
15;20121;F;9;ANDALUCÍA;24;INACTIVIDAD ACADEMICA;DESERTOR;NO;0;DOS SALARIOS MÍNIMOS O MENOS;NO;54,67;0;10;9;1
15;20192;F;4;TULUÁ;21;-;NO DESERTOR;NO;2;MAS DE 2 Y MENOS DE 4 SALARIOS MINIMOS;NO;55,79;0;7;6;1
15;20121;F;4;ANDALUCÍA;25;-;NO DESERTOR;NO;0;DOS SALARIOS MÍNIMOS O MENOS;NO;43,04;1;6;5;1
15;20121;M;6;TULUÁ;27;-;NO DESERTOR;SI;0;MAS DE 2 Y MENOS DE 4 SALARIOS MINIMOS;NO;42,56;1;6;5;1
15;20121;F;8;TULUÁ;24;-;NO DESERTOR;NO;0;DOS SALARIOS MÍNIMOS O MENOS;NO;49,68;1;6;5;1
15;20121;M;7;ANDALUCÍA;23;-;NO DESERTOR;NO;2;MAS DE 2 Y MENOS DE 4 SALARIOS MINIMOS;NO;43,72;0;6;5;1
15;20121;M;7;TULUÁ;22;-;NO DESERTOR;NO;0;MAS DE 2 Y MENOS DE 4 SALARIOS MINIMOS;Si;55,31;0;7;5;2
15;20192;M;3;GUADALAJARA DE BUGA;21;-;NO DESERTOR;NO;0;DOS SALARIOS MÍNIMOS O MENOS;NO;48,66;0;4;3;1
15;20192;F;2;GUADALAJARA DE BUGA;18;-;NO DESERTOR;NO;0;MAS DE 2 Y MENOS DE 4 SALARIOS MINIMOS;NO;75,53;0;4;3;1
15;20121;M;6;GUADALAJARA DE BUGA;31;-;NO DESERTOR;NO;1;MAS DE 2 Y MENOS DE 4 SALARIOS MINIMOS;NO;43,03;0;2;1;1
15;20121;F;8;TULUÁ;24;-;NO DESERTOR;NO;0;MAS DE 2 Y MENOS DE 4 SALARIOS MINIMOS;Si;44,13;0;6;5;1
15;20192;M;1;TULUÁ;19;-;NO DESERTOR;NO;0;MAS DE 2 Y MENOS DE 4 SALARIOS MINIMOS;NO;43,11;0;5;4;1
15;20121;F;7;TULUÁ;26;-;NO DESERTOR;NO;2;DOS SALARIOS MÍNIMOS O MENOS;NO;44,32;1;8;7;1
15;20121;M;7;TULUÁ;27;-;NO DESERTOR;NO;2;DOS SALARIOS MÍNIMOS O MENOS;NO;47,2;0;4;3;1
15;20192;F;1;TULUÁ;18;-;NO DESERTOR;NO;4;MAS DE 2 Y MENOS DE 4 SALARIOS MINIMOS;NO;51,57;0;7;6;1
14;20121;M;10;TULUÁ;25;-;NO DESERTOR;NO;0;MAS DE 2 Y MENOS DE 4 SALARIOS MINIMOS;Si;54,88;0;4;3;1
14;20121;F;10;TULUÁ;26;-;NO DESERTOR;NO;0;MAS DE 2 Y MENOS DE 4 SALARIOS MINIMOS;NO;60,32;0;7;6;1
14;20192;F;1;LA UNIÓN;21;-;NO DESERTOR;NO;0;MAS DE 4 Y MENOS DE 6 SALARIOS MINIMOS;NO;41,72;1;4;3;1
14;20121;M;4;TULUÁ;26;INACTIVIDAD ACADEMICA;DESERTOR;NO;0;DOS SALARIOS MÍNIMOS O MENOS;NO;59,41;1;5;4;1
14;20121;M;6;TULUÁ;23;-;NO DESERTOR;NO;2;MAS DE 2 Y MENOS DE 4 SALARIOS MINIMOS;NO;52,71;0;4;3;1
14;20192;M;2;RIOFRÍO;21;-;NO DESERTOR;NO;0;MAS DE 4 Y MENOS DE 6 SALARIOS MINIMOS;NO;60,41;0;8;6;2
14;20121;F;8;TULUÁ;24;-;NO DESERTOR;NO;0;MAS DE 2 Y MENOS DE 4 SALARIOS MINIMOS;Si;52,66;0;6;5;1
14;20121;M;3;TULUÁ;21;-;NO DESERTOR;NO;0;DOS SALARIOS MÍNIMOS O MENOS;NO;58,12;1;6;5;1
14;20121;M;6;GUADALAJARA DE BUGA;30;-;NO DESERTOR;NO;0;MAS DE 2 Y MENOS DE 4 SALARIOS MINIMOS;NO;46,07;1;7;6;1
14;20121;M;9;TULUÁ;25;-;NO DESERTOR;NO;0;MAS DE 6 Y MENOS DE 8 SALARIOS MINIMOS;Si;52,9;0;7;6;1
14;20192;M;1;TULUÁ;20;-;NO DESERTOR;NO;0;DOS SALARIOS MÍNIMOS O MENOS;NO;51,74;1;4;3;1
14;20121;F;10;TRUJILLO;28;-;NO DESERTOR;NO;0;DOS SALARIOS MÍNIMOS O MENOS;Si;49,24;0;7;6;1
14;20121;F;7;ANDALUCÍA;24;-;NO DESERTOR;NO;0;DOS SALARIOS MÍNIMOS O MENOS;NO;38,19;0;7;5;2
14;20121;F;5;ANSERMA;26;-;NO DESERTOR;NO;0;MAS DE 2 Y MENOS DE 4 SALARIOS MINIMOS;NO;47,44;0;2;1;1
14;20192;F;1;TULUÁ;27;-;NO DESERTOR;NO;0;MAS DE 2 Y MENOS DE 4 SALARIOS MINIMOS;NO;47,09;1;4;3;1
14;20192;F;2;TULUÁ;20;-;NO DESERTOR;NO;0;MAS DE 2 Y MENOS DE 4 SALARIOS MINIMOS;NO;57,85;0;6;5;1
14;20121;F;8;TULUÁ;24;-;NO DESERTOR;NO;0;MAS DE 2 Y MENOS DE 4 SALARIOS MINIMOS;Si;55,64;0;6;5;1
14;20121;F;9;TULUÁ;27;INACTIVIDAD ACADEMICA;DESERTOR;SI;1;MAS DE 2 Y MENOS DE 4 SALARIOS MINIMOS;NO;54,43;0;5;4;1
14;20121;M;10;TULUÁ;25;-;NO DESERTOR;NO;0;MAS DE 2 Y MENOS DE 4 SALARIOS MINIMOS;Si;61,96;0;5;4;1
14;20192;M;3;GUADALAJARA DE BUGA;21;-;NO DESERTOR;NO;0;DOS SALARIOS MÍNIMOS O MENOS;NO;54,98;1;8;6;2
14;20121;M;3;TULUÁ;26;-;NO DESERTOR;NO;0;DOS SALARIOS MÍNIMOS O MENOS;NO;43,57;1;8;7;1
14;20192;F;3;EL CERRITO;22;-;NO DESERTOR;NO;2;MAS DE 2 Y MENOS DE 4 SALARIOS MINIMOS;NO;50,25;1;7;5;2
14;20121;M;3;TULUÁ;23;-;NO DESERTOR;NO;0;MAS DE 2 Y MENOS DE 4 SALARIOS MINIMOS;NO;62,9;1;6;5;1
14;20121;M;5;BUGALAGRANDE;27;-;NO DESERTOR;NO;0;DOS SALARIOS MÍNIMOS O MENOS;NO;46,81;1;9;7;2
14;20121;M;7;TULUÁ;27;-;NO DESERTOR;SI;1;MAS DE 2 Y MENOS DE 4 SALARIOS MINIMOS;Si;51,95;0;5;4;1
14;20121;M;3;BUGALAGRANDE;23;-;NO DESERTOR;NO;2;MAS DE 2 Y MENOS DE 4 SALARIOS MINIMOS;NO;52,72;1;6;5;1
14;20192;M;2;TULUÁ;22;-;NO DESERTOR;NO;0;NO DEFINIDO;NO;60,55;1;6;5;1
14;20121;M;7;TULUÁ;26;-;NO DESERTOR;NO;0;MAS DE 6 Y MENOS DE 8 SALARIOS MINIMOS;NO;50,32;0;8;7;1
14;20121;M;10;TULUÁ;25;-;NO DESERTOR;NO;1;DOS SALARIOS MÍNIMOS O MENOS;Si;49,12;0;7;6;1
14;20121;F;8;BUGALAGRANDE;24;-;NO DESERTOR;NO;0;MAS DE 2 Y MENOS DE 4 SALARIOS MINIMOS;NO;68,93;0;3;2;1
14;20121;M;6;ANDALUCÍA;29;-;NO DESERTOR;NO;0;MAS DE 2 Y MENOS DE 4 SALARIOS MINIMOS;NO;57,2;0;4;3;1
14;20121;M;5;TULUÁ;25;-;NO DESERTOR;NO;0;MAS DE 2 Y MENOS DE 4 SALARIOS MINIMOS;NO;52,33;0;5;4;1
14;20121;M;6;BUGALAGRANDE;29;-;NO DESERTOR;NO;0;NO DEFINIDO;Si;50,83;0;2;1;1
14;20121;M;5;GUADALAJARA DE BUGA;22;-;NO DESERTOR;NO;0;DOS SALARIOS MÍNIMOS O MENOS;NO;60,19;0;6;5;1
14;20192;M;1;GUADALAJARA DE BUGA;21;-;NO DESERTOR;NO;0;MAS DE 4 Y MENOS DE 6 SALARIOS MINIMOS;NO;58,55;1;4;3;1
14;20121;F;5;TULUÁ;22;-;NO DESERTOR;NO;0;NO DEFINIDO;NO;55,06;0;9;8;1
14;20121;F;3;SAN PEDRO;26;-;NO DESERTOR;NO;0;DOS SALARIOS MÍNIMOS O MENOS;NO;43,1;1;6;4;2
14;20192;F;2;TULUÁ;20;-;NO DESERTOR;NO;0;MAS DE 2 Y MENOS DE 4 SALARIOS MINIMOS;NO;53,21;0;6;5;1
14;20121;F;3;TULUÁ;28;-;NO DESERTOR;NO;1;MAS DE 4 Y MENOS DE 6 SALARIOS MINIMOS;NO;46,16;0;7;6;1
14;20121;M;3;TULUÁ;25;-;NO DESERTOR;NO;0;MAS DE 2 Y MENOS DE 4 SALARIOS MINIMOS;NO;59,65;0;5;4;1
14;20121;M;5;EL CERRITO;24;-;NO DESERTOR;NO;2;MAS DE 4 Y MENOS DE 6 SALARIOS MINIMOS;NO;61,24;1;6;5;1
14;20192;F;2;TULUÁ;23;-;NO DESERTOR;NO;0;MAS DE 2 Y MENOS DE 4 SALARIOS MINIMOS;NO;57;0;5;4;1
14;20192;F;3;BUGALAGRANDE;21;-;NO DESERTOR;NO;0;DOS SALARIOS MÍNIMOS O MENOS;NO;58,7;0;5;4;1
14;20192;M;2;TULUÁ;21;-;NO DESERTOR;NO;1;MAS DE 2 Y MENOS DE 4 SALARIOS MINIMOS;NO;41,37;0;6;5;1
14;20121;M;4;TULUÁ;25;-;NO DESERTOR;NO;1;MAS DE 2 Y MENOS DE 4 SALARIOS MINIMOS;NO;33,39;0;6;5;1
14;20121;M;8;TULUÁ;26;-;NO DESERTOR;NO;1;MAS DE 4 Y MENOS DE 6 SALARIOS MINIMOS;NO;55,8;1;5;4;1
14;20192;F;2;TULUÁ;20;-;NO DESERTOR;NO;0;DOS SALARIOS MÍNIMOS O MENOS;NO;54,01;1;5;4;1
14;20121;F;4;TULUÁ;25;-;NO DESERTOR;NO;1;MAS DE 2 Y MENOS DE 4 SALARIOS MINIMOS;NO;40,27;1;4;3;1
14;20192;F;1;GUADALAJARA DE BUGA;19;-;NO DESERTOR;NO;0;MAS DE 2 Y MENOS DE 4 SALARIOS MINIMOS;NO;71,35;1;4;3;1
14;20121;F;8;BUGALAGRANDE;26;-;NO DESERTOR;NO;0;DOS SALARIOS MÍNIMOS O MENOS;Si;51,44;1;6;5;1
14;20121;F;8;TULUÁ;24;-;NO DESERTOR;NO;2;DOS SALARIOS MÍNIMOS O MENOS;Si;48,41;0;7;6;1
14;20121;F;5;EL CERRITO;28;-;NO DESERTOR;NO;0;MAS DE 2 Y MENOS DE 4 SALARIOS MINIMOS;NO;44,44;1;5;4;1
14;20121;M;10;TULUÁ;28;-;NO DESERTOR;SI;1;MAS DE 2 Y MENOS DE 4 SALARIOS MINIMOS;NO;47,28;1;2;1;1
14;20121;F;10;TRUJILLO;29;-;NO DESERTOR;NO;0;NO DEFINIDO;NO;41,77;0;3;1;2
14;20121;M;4;TULUÁ;30;-;NO DESERTOR;NO;0;MAS DE 2 Y MENOS DE 4 SALARIOS MINIMOS;NO;47,54;3;2;1;1
14;20121;M;6;GUADALAJARA DE BUGA;25;-;NO DESERTOR;NO;2;DOS SALARIOS MÍNIMOS O MENOS;NO;48,4;1;5;4;1
14;20121;M;6;TULUÁ;25;-;NO DESERTOR;NO;2;MAS DE 2 Y MENOS DE 4 SALARIOS MINIMOS;NO;61,03;1;6;5;1
14;20121;F;4;TULUÁ;22;-;NO DESERTOR;NO;1;DOS SALARIOS MÍNIMOS O MENOS;NO;50,95;0;5;4;1
14;20121;F;10;TULUÁ;24;-;NO DESERTOR;NO;0;MAS DE 6 Y MENOS DE 8 SALARIOS MINIMOS;NO;56,69;0;5;4;1
14;20121;M;4;GUADALAJARA DE BUGA;23;-;NO DESERTOR;NO;2;DOS SALARIOS MÍNIMOS O MENOS;NO;55,24;1;4;3;1
14;20121;M;9;TULUÁ;26;-;NO DESERTOR;NO;1;MAS DE 2 Y MENOS DE 4 SALARIOS MINIMOS;NO;50,84;0;6;5;1
14;20121;F;2;SAN PEDRO;22;-;NO DESERTOR;NO;0;DOS SALARIOS MÍNIMOS O MENOS;NO;52,28;0;9;8;1
14;20192;M;2;TULUÁ;20;-;NO DESERTOR;NO;1;MAS DE 2 Y MENOS DE 4 SALARIOS MINIMOS;NO;51,38;0;5;4;1
14;20121;M;4;TULUÁ;24;-;NO DESERTOR;NO;0;DOS SALARIOS MÍNIMOS O MENOS;NO;51,29;0;7;6;1
14;20091;M;10;TULUÁ;39;-;NO DESERTOR;NO;0;NO DEFINIDO;Si;50,95;0;1;0;1
14;20121;F;3;TULUÁ;23;-;NO DESERTOR;NO;0;DOS SALARIOS MÍNIMOS O MENOS;NO;48,49;1;5;4;1
14;20121;F;4;TULUÁ;26;-;NO DESERTOR;SI;0;DOS SALARIOS MÍNIMOS O MENOS;NO;48,29;0;5;4;1
14;20121;F;5;TULUÁ;25;-;NO DESERTOR;NO;0;MAS DE 2 Y MENOS DE 4 SALARIOS MINIMOS;NO;58,51;0;7;6;1
14;20121;M;9;GUADALAJARA DE BUGA;24;-;NO DESERTOR;NO;1;MAS DE 4 Y MENOS DE 6 SALARIOS MINIMOS;Si;60,39;0;6;5;1
14;20192;M;3;TULUÁ;26;-;NO DESERTOR;NO;0;DOS SALARIOS MÍNIMOS O MENOS;NO;50,14;0;5;4;1
14;20192;M;2;BUENAVENTURA;21;-;NO DESERTOR;NO;0;MAS DE 2 Y MENOS DE 4 SALARIOS MINIMOS;NO;60,73;0;5;4;1
14;20051;M;1;TRUJILLO;35;-;NO DESERTOR;NO;0;NO DEFINIDO;Si;50,95;0;1;0;1
14;20121;M;4;ANDALUCÍA;28;-;NO DESERTOR;NO;0;DOS SALARIOS MÍNIMOS O MENOS;NO;54,73;0;5;4;1
14;20192;M;3;TULUÁ;26;-;NO DESERTOR;SI;0;MAS DE 2 Y MENOS DE 4 SALARIOS MINIMOS;NO;37,05;1;6;5;1
14;20121;F;10;TULUÁ;25;-;NO DESERTOR;NO;0;MAS DE 2 Y MENOS DE 4 SALARIOS MINIMOS;Si;60,28;0;4;3;1
14;20121;F;10;TULUÁ;24;INACTIVIDAD ACADEMICA;DESERTOR;NO;0;DOS SALARIOS MÍNIMOS O MENOS;NO;59,71;0;6;5;1
14;20121;F;5;TULUÁ;23;-;NO DESERTOR;NO;0;MAS DE 2 Y MENOS DE 4 SALARIOS MINIMOS;NO;54,72;0;5;4;1
14;20192;F;2;RIOFRÍO;21;-;NO DESERTOR;NO;0;NO DEFINIDO;NO;60,55;0;7;6;1
14;20121;F;6;RIOFRÍO;25;-;NO DESERTOR;NO;0;MAS DE 2 Y MENOS DE 4 SALARIOS MINIMOS;NO;41,75;0;5;4;1
14;20121;F;5;TULUÁ;23;-;NO DESERTOR;NO;0;DOS SALARIOS MÍNIMOS O MENOS;NO;50,12;0;7;6;1
14;20121;F;5;TULUÁ;22;-;NO DESERTOR;NO;1;DOS SALARIOS MÍNIMOS O MENOS;NO;58,65;0;7;6;1
14;20192;F;2;TULUÁ;21;-;NO DESERTOR;NO;0;MAS DE 2 Y MENOS DE 4 SALARIOS MINIMOS;NO;61,72;0;7;5;2
14;20121;F;4;TULUÁ;22;-;NO DESERTOR;NO;0;MAS DE 2 Y MENOS DE 4 SALARIOS MINIMOS;NO;55,15;0;5;4;1
14;20121;F;6;TULUÁ;24;-;NO DESERTOR;NO;0;MAS DE 4 Y MENOS DE 6 SALARIOS MINIMOS;NO;49,56;0;5;4;1
14;20121;F;3;TULUÁ;21;-;NO DESERTOR;NO;0;MAS DE 2 Y MENOS DE 4 SALARIOS MINIMOS;NO;51,93;0;6;4;2
14;20051;F;10;TULUÁ;33;INACTIVIDAD ACADEMICA;DESERTOR;NO;0;NO DEFINIDO;NO;50,95;0;2;0;2
14;20192;F;3;TULUÁ;22;-;NO DESERTOR;NO;0;MAS DE 2 Y MENOS DE 4 SALARIOS MINIMOS;NO;44,6;0;5;4;1
14;20192;F;2;ANDALUCÍA;20;-;NO DESERTOR;NO;0;NO DEFINIDO;NO;53,55;0;5;4;1
14;20192;M;1;BUENAVENTURA;20;-;NO DESERTOR;NO;0;DOS SALARIOS MÍNIMOS O MENOS;NO;63,3;1;4;3;1
14;20121;M;7;ANDALUCÍA;23;-;NO DESERTOR;NO;0;MAS DE 2 Y MENOS DE 4 SALARIOS MINIMOS;NO;58,51;1;3;2;1
14;20121;M;4;BUENAVENTURA;24;-;NO DESERTOR;NO;0;NO DEFINIDO;NO;57,15;0;6;5;1
14;20121;M;6;PALMIRA;26;-;NO DESERTOR;NO;0;MAS DE 4 Y MENOS DE 6 SALARIOS MINIMOS;NO;46,24;0;9;6;3
14;20121;F;5;TULUÁ;26;-;NO DESERTOR;NO;0;MAS DE 2 Y MENOS DE 4 SALARIOS MINIMOS;NO;48,38;0;6;4;2
14;20192;M;3;TULUÁ;22;-;NO DESERTOR;NO;0;MAS DE 8 SALARIOS MINIMOS;NO;62,62;0;6;5;1
14;20192;F;1;ANDALUCÍA;21;-;NO DESERTOR;NO;0;MAS DE 2 Y MENOS DE 4 SALARIOS MINIMOS;NO;70,56;0;4;3;1
14;20121;M;3;TULUÁ;23;INACTIVIDAD ACADEMICA;DESERTOR;NO;0;NO DEFINIDO;NO;53,06;1;8;7;1
14;20192;M;2;TULUÁ;21;-;NO DESERTOR;NO;0;DOS SALARIOS MÍNIMOS O MENOS;NO;55,32;0;5;4;1
14;20121;M;5;GUADALAJARA DE BUGA;23;-;NO DESERTOR;NO;1;MAS DE 2 Y MENOS DE 4 SALARIOS MINIMOS;NO;65,44;0;6;4;2
14;20192;M;2;TULUÁ;21;-;NO DESERTOR;NO;1;NO DEFINIDO;NO;55,44;1;5;4;1
14;20192;M;2;BUENAVENTURA;20;-;NO DESERTOR;NO;2;MAS DE 2 Y MENOS DE 4 SALARIOS MINIMOS;NO;47,12;1;6;5;1
14;20121;M;4;TULUÁ;29;-;NO DESERTOR;NO;0;NO DEFINIDO;Si;56,52;3;2;1;1
14;20192;M;1;GUACARÍ;19;-;NO DESERTOR;NO;0;DOS SALARIOS MÍNIMOS O MENOS;NO;70,8;2;3;2;1
14;20121;M;8;TULUÁ;24;-;NO DESERTOR;NO;2;MAS DE 2 Y MENOS DE 4 SALARIOS MINIMOS;Si;53,73;0;9;8;1
14;20121;M;7;TULUÁ;23;-;NO DESERTOR;NO;0;MAS DE 2 Y MENOS DE 4 SALARIOS MINIMOS;NO;51,05;1;4;3;1
14;20121;M;7;TULUÁ;23;-;NO DESERTOR;NO;0;MAS DE 2 Y MENOS DE 4 SALARIOS MINIMOS;Si;58,46;0;6;5;1
14;20121;M;6;TULUÁ;24;-;NO DESERTOR;SI;0;MAS DE 2 Y MENOS DE 4 SALARIOS MINIMOS;NO;55,05;0;5;4;1
14;20121;M;5;TULUÁ;22;-;NO DESERTOR;NO;0;MAS DE 4 Y MENOS DE 6 SALARIOS MINIMOS;NO;49,97;1;6;5;1
14;20121;M;10;TULUÁ;24;-;NO DESERTOR;NO;0;MAS DE 6 Y MENOS DE 8 SALARIOS MINIMOS;Si;52,73;0;5;4;1
14;20192;M;2;TULUÁ;22;INACTIVIDAD ACADEMICA;DESERTOR;SI;0;MAS DE 2 Y MENOS DE 4 SALARIOS MINIMOS;NO;54,66;1;5;4;1
14;20192;M;1;GUADALAJARA DE BUGA;20;-;NO DESERTOR;NO;1;DOS SALARIOS MÍNIMOS O MENOS;NO;66,32;1;4;3;1
14;20121;M;9;GUADALAJARA DE BUGA;24;-;NO DESERTOR;NO;2;DOS SALARIOS MÍNIMOS O MENOS;NO;51,89;0;10;9;1
14;20121;M;10;TULUÁ;25;INACTIVIDAD ACADEMICA;DESERTOR;NO;0;DOS SALARIOS MÍNIMOS O MENOS;NO;60,51;0;6;5;1
14;20121;M;8;GUADALAJARA DE BUGA;24;-;NO DESERTOR;NO;0;NO DEFINIDO;Si;50,95;0;7;6;1
14;20121;M;5;TULUÁ;21;-;NO DESERTOR;NO;0;MAS DE 2 Y MENOS DE 4 SALARIOS MINIMOS;NO;47,93;0;6;5;1
14;20121;M;5;TULUÁ;22;-;NO DESERTOR;NO;0;DOS SALARIOS MÍNIMOS O MENOS;NO;57,06;0;8;7;1
14;20121;M;4;TULUÁ;22;-;NO DESERTOR;NO;0;DOS SALARIOS MÍNIMOS O MENOS;NO;50,95;0;7;6;1
14;20192;M;3;TULUÁ;22;-;NO DESERTOR;NO;1;DOS SALARIOS MÍNIMOS O MENOS;NO;48,88;0;4;3;1
14;20121;M;4;TULUÁ;23;-;NO DESERTOR;NO;0;MAS DE 4 Y MENOS DE 6 SALARIOS MINIMOS;NO;58,38;0;6;5;1
14;20192;M;2;TULUÁ;22;-;NO DESERTOR;NO;0;MAS DE 2 Y MENOS DE 4 SALARIOS MINIMOS;NO;60,02;0;5;4;1
14;20121;M;6;ANDALUCÍA;25;-;NO DESERTOR;NO;0;MAS DE 2 Y MENOS DE 4 SALARIOS MINIMOS;Si;39,48;1;6;5;1
14;20121;M;6;TULUÁ;25;-;NO DESERTOR;NO;1;MAS DE 4 Y MENOS DE 6 SALARIOS MINIMOS;NO;52,08;1;4;3;1
14;20121;M;4;BUGALAGRANDE;22;-;NO DESERTOR;NO;0;MAS DE 2 Y MENOS DE 4 SALARIOS MINIMOS;NO;55,73;0;5;4;1
14;20121;M;4;TULUÁ;22;-;NO DESERTOR;NO;1;DOS SALARIOS MÍNIMOS O MENOS;NO;53,39;0;8;7;1
14;20192;M;3;TULUÁ;22;-;NO DESERTOR;NO;0;NO DEFINIDO;NO;59,06;0;8;6;2
14;20121;M;9;GUADALAJARA DE BUGA;29;-;NO DESERTOR;NO;3;MAS DE 6 Y MENOS DE 8 SALARIOS MINIMOS;Si;48,94;0;5;4;1
14;20121;M;7;TULUÁ;26;-;NO DESERTOR;NO;0;MAS DE 2 Y MENOS DE 4 SALARIOS MINIMOS;Si;46,4;0;5;4;1
14;20121;M;4;TRUJILLO;22;-;NO DESERTOR;NO;0;MAS DE 2 Y MENOS DE 4 SALARIOS MINIMOS;NO;56,55;0;5;4;1
14;20121;M;4;TULUÁ;23;-;NO DESERTOR;NO;0;MAS DE 2 Y MENOS DE 4 SALARIOS MINIMOS;NO;52,14;1;6;5;1
14;20192;M;2;TULUÁ;20;-;NO DESERTOR;NO;0;NO DEFINIDO;NO;47,98;1;6;5;1
14;20192;M;2;TULUÁ;20;-;NO DESERTOR;NO;1;MAS DE 2 Y MENOS DE 4 SALARIOS MINIMOS;NO;48,79;0;4;3;1
14;20121;M;8;TULUÁ;23;-;NO DESERTOR;NO;1;MAS DE 2 Y MENOS DE 4 SALARIOS MINIMOS;Si;51,56;0;7;6;1
14;20121;M;4;TULUÁ;21;-;NO DESERTOR;NO;0;MAS DE 4 Y MENOS DE 6 SALARIOS MINIMOS;NO;50,95;0;8;6;2
14;20121;M;4;TULUÁ;23;-;NO DESERTOR;NO;2;MAS DE 4 Y MENOS DE 6 SALARIOS MINIMOS;NO;48,01;0;5;4;1
14;20192;M;2;ANDALUCÍA;21;-;NO DESERTOR;NO;0;MAS DE 2 Y MENOS DE 4 SALARIOS MINIMOS;NO;57,95;0;4;3;1
14;20121;M;3;GUADALAJARA DE BUGA;22;-;NO DESERTOR;NO;0;MAS DE 2 Y MENOS DE 4 SALARIOS MINIMOS;NO;58,87;1;7;5;2
14;20192;M;1;TULUÁ;22;-;NO DESERTOR;NO;0;MAS DE 4 Y MENOS DE 6 SALARIOS MINIMOS;NO;64,53;0;5;3;2
14;20121;M;10;TULUÁ;28;-;NO DESERTOR;NO;0;NO DEFINIDO;Si;50,95;0;2;1;1
14;20121;M;7;TULUÁ;30;-;NO DESERTOR;NO;0;NO DEFINIDO;NO;50,95;0;3;1;2
14;20121;M;8;TULUÁ;30;-;NO DESERTOR;NO;1;DOS SALARIOS MÍNIMOS O MENOS;NO;48,31;0;7;6;1
14;20121;M;4;ANDALUCÍA;23;-;NO DESERTOR;NO;0;DOS SALARIOS MÍNIMOS O MENOS;NO;61,27;1;5;4;1
14;20192;M;2;TULUÁ;22;-;NO DESERTOR;NO;2;DOS SALARIOS MÍNIMOS O MENOS;NO;50,53;0;6;5;1
14;20121;F;10;TRUJILLO;25;-;NO DESERTOR;NO;0;DOS SALARIOS MÍNIMOS O MENOS;Si;51,24;0;7;6;1
14;20121;M;8;TULUÁ;28;-;NO DESERTOR;NO;0;MAS DE 4 Y MENOS DE 6 SALARIOS MINIMOS;Si;52,97;0;6;5;1
14;20121;M;7;BUENAVENTURA;23;-;NO DESERTOR;NO;0;DOS SALARIOS MÍNIMOS O MENOS;NO;52,92;0;8;5;3
14;20192;M;1;GUADALAJARA DE BUGA;20;INACTIVIDAD ACADEMICA;DESERTOR;NO;2;DOS SALARIOS MÍNIMOS O MENOS;NO;60,1;2;4;3;1
14;20121;M;5;TULUÁ;25;-;NO DESERTOR;NO;0;DOS SALARIOS MÍNIMOS O MENOS;NO;56,29;0;8;7;1
14;20121;F;7;GUADALAJARA DE BUGA;29;-;NO DESERTOR;NO;0;DOS SALARIOS MÍNIMOS O MENOS;NO;53,12;0;3;1;2
14;20121;F;7;TULUÁ;22;-;NO DESERTOR;NO;0;MAS DE 2 Y MENOS DE 4 SALARIOS MINIMOS;Si;61,49;1;6;5;1
14;20121;M;10;TULUÁ;27;-;NO DESERTOR;NO;0;MAS DE 2 Y MENOS DE 4 SALARIOS MINIMOS;Si;47,56;1;7;6;1
14;20121;M;7;BUGALAGRANDE;22;-;NO DESERTOR;NO;0;MAS DE 2 Y MENOS DE 4 SALARIOS MINIMOS;NO;41,51;1;5;4;1
14;20121;M;4;TULUÁ;22;-;NO DESERTOR;NO;0;DOS SALARIOS MÍNIMOS O MENOS;NO;63,8;0;5;4;1
14;20121;M;4;TULUÁ;21;-;NO DESERTOR;NO;2;DOS SALARIOS MÍNIMOS O MENOS;NO;50,95;0;8;7;1
14;20192;M;3;ANDALUCÍA;22;-;NO DESERTOR;NO;0;DOS SALARIOS MÍNIMOS O MENOS;NO;43,83;0;6;5;1
14;20121;M;6;TULUÁ;25;-;NO DESERTOR;NO;0;DOS SALARIOS MÍNIMOS O MENOS;NO;53,58;0;5;4;1
14;20121;M;8;ZANJÓN HONDO - GUADALAJARA DE BUGA;24;-;NO DESERTOR;NO;0;MAS DE 2 Y MENOS DE 4 SALARIOS MINIMOS;Si;54,32;0;4;3;1
14;20121;F;8;BUENAVENTURA;23;-;NO DESERTOR;NO;0;DOS SALARIOS MÍNIMOS O MENOS;Si;49,99;0;8;7;1
14;20121;F;6;BUGALAGRANDE;22;-;NO DESERTOR;NO;0;MAS DE 4 Y MENOS DE 6 SALARIOS MINIMOS;NO;56,54;0;6;5;1
14;20121;F;6;GUADALAJARA DE BUGA;22;-;NO DESERTOR;NO;0;MAS DE 2 Y MENOS DE 4 SALARIOS MINIMOS;NO;58,2;0;4;3;1
14;20121;F;5;ROLDANILLO;26;-;NO DESERTOR;NO;0;MAS DE 4 Y MENOS DE 6 SALARIOS MINIMOS;NO;50,21;0;4;3;1
14;20121;F;4;TULUÁ;21;-;NO DESERTOR;NO;0;MAS DE 2 Y MENOS DE 4 SALARIOS MINIMOS;NO;75,77;0;7;6;1
14;20121;M;4;GUADALAJARA DE BUGA;25;INACTIVIDAD ACADEMICA;DESERTOR;NO;3;DOS SALARIOS MÍNIMOS O MENOS;NO;47,42;1;7;5;2
14;20121;M;3;TULUÁ;21;-;NO DESERTOR;NO;0;MAS DE 2 Y MENOS DE 4 SALARIOS MINIMOS;NO;49,08;1;8;7;1
14;20121;F;5;ROLDANILLO;30;-;NO DESERTOR;NO;1;MAS DE 4 Y MENOS DE 6 SALARIOS MINIMOS;NO;52,15;0;7;6;1
14;20121;F;9;TULUÁ;26;-;NO DESERTOR;NO;2;MAS DE 2 Y MENOS DE 4 SALARIOS MINIMOS;NO;37,24;1;5;4;1
14;20121;F;3;TULUÁ;22;-;NO DESERTOR;NO;2;DOS SALARIOS MÍNIMOS O MENOS;NO;51,61;1;5;4;1
14;20121;M;10;TULUÁ;26;-;NO DESERTOR;NO;0;DOS SALARIOS MÍNIMOS O MENOS;Si;53,45;0;5;4;1
14;20192;F;2;ANDALUCÍA;21;-;NO DESERTOR;NO;0;DOS SALARIOS MÍNIMOS O MENOS;NO;63,33;0;5;4;1
14;20121;F;4;TULUÁ;22;-;NO DESERTOR;NO;0;DOS SALARIOS MÍNIMOS O MENOS;NO;72,25;0;7;6;1
14;20192;F;1;BUENAVENTURA;22;-;NO DESERTOR;NO;0;DOS SALARIOS MÍNIMOS O MENOS;NO;63,61;0;4;3;1
14;20121;F;9;GUADALAJARA DE BUGA;26;-;NO DESERTOR;NO;0;MAS DE 2 Y MENOS DE 4 SALARIOS MINIMOS;Si;53,73;0;5;4;1
14;20121;F;4;TULUÁ;21;-;NO DESERTOR;NO;0;NO DEFINIDO;NO;56,7;0;8;7;1
14;20121;F;5;ROLDANILLO;27;-;NO DESERTOR;NO;0;MAS DE 8 SALARIOS MINIMOS;NO;46,76;0;4;3;1
14;20051;M;10;TULUÁ;35;-;NO DESERTOR;NO;0;NO DEFINIDO;Si;50,95;0;1;0;1
14;20121;F;10;BUENAVENTURA;24;-;NO DESERTOR;NO;2;MAS DE 2 Y MENOS DE 4 SALARIOS MINIMOS;Si;56,97;0;7;6;1
14;20121;F;5;GUADALAJARA DE BUGA;22;-;NO DESERTOR;NO;0;DOS SALARIOS MÍNIMOS O MENOS;NO;47,5;0;6;5;1
14;20121;F;3;TULUÁ;21;-;NO DESERTOR;NO;0;MAS DE 4 Y MENOS DE 6 SALARIOS MINIMOS;NO;56,72;1;7;6;1
14;20192;M;3;GUADALAJARA DE BUGA;21;-;NO DESERTOR;NO;0;MAS DE 2 Y MENOS DE 4 SALARIOS MINIMOS;NO;52,65;0;7;6;1
14;20121;M;6;TULUÁ;23;-;NO DESERTOR;NO;0;DOS SALARIOS MÍNIMOS O MENOS;Si;60,95;0;6;5;1
14;20121;M;7;SAN PEDRO;25;-;NO DESERTOR;NO;0;MAS DE 2 Y MENOS DE 4 SALARIOS MINIMOS;NO;45,13;0;4;3;1
14;20192;M;3;ANDALUCÍA;21;-;NO DESERTOR;NO;0;MAS DE 2 Y MENOS DE 4 SALARIOS MINIMOS;NO;59,02;0;6;5;1
14;20121;F;5;TRUJILLO;25;-;NO DESERTOR;NO;0;DOS SALARIOS MÍNIMOS O MENOS;Si;42,22;0;5;4;1
14;20121;F;7;CALI;26;-;NO DESERTOR;NO;0;MAS DE 2 Y MENOS DE 4 SALARIOS MINIMOS;Si;52,41;0;7;6;1
14;20121;F;8;ANDALUCÍA;23;-;NO DESERTOR;NO;2;NO DEFINIDO;NO;54,89;0;5;4;1
14;20121;F;6;TULUÁ;23;-;NO DESERTOR;NO;0;MAS DE 2 Y MENOS DE 4 SALARIOS MINIMOS;NO;48,45;0;5;3;2
14;20121;M;5;EL CERRITO;22;-;NO DESERTOR;NO;0;MAS DE 4 Y MENOS DE 6 SALARIOS MINIMOS;NO;49,7;1;6;5;1
14;20121;F;4;TULUÁ;22;-;NO DESERTOR;NO;0;NO DEFINIDO;NO;55,25;0;9;8;1
14;20121;F;8;TULUÁ;24;-;NO DESERTOR;NO;0;DOS SALARIOS MÍNIMOS O MENOS;NO;55,79;0;8;7;1
14;20121;F;6;TULUÁ;24;-;NO DESERTOR;NO;0;MAS DE 2 Y MENOS DE 4 SALARIOS MINIMOS;NO;60,99;0;5;4;1
14;20121;F;3;TULUÁ;22;-;NO DESERTOR;NO;0;DOS SALARIOS MÍNIMOS O MENOS;NO;57,55;1;8;7;1
14;20192;F;2;TULUÁ;22;-;NO DESERTOR;NO;0;MAS DE 2 Y MENOS DE 4 SALARIOS MINIMOS;NO;61,62;0;9;5;4
14;20192;F;2;TULUÁ;20;-;NO DESERTOR;NO;0;MAS DE 2 Y MENOS DE 4 SALARIOS MINIMOS;NO;58,54;0;6;5;1
14;20121;F;9;TULUÁ;28;-;NO DESERTOR;NO;0;DOS SALARIOS MÍNIMOS O MENOS;NO;37,8;0;7;6;1
14;20121;F;4;TULUÁ;23;-;NO DESERTOR;NO;0;MAS DE 4 Y MENOS DE 6 SALARIOS MINIMOS;NO;59,16;1;6;5;1
14;20192;F;3;GUADALAJARA DE BUGA;21;-;NO DESERTOR;NO;0;MAS DE 2 Y MENOS DE 4 SALARIOS MINIMOS;NO;54,67;0;7;6;1
14;20192;F;2;TULUÁ;21;-;NO DESERTOR;NO;0;DOS SALARIOS MÍNIMOS O MENOS;NO;58,07;0;7;6;1
14;20192;F;1;TULUÁ;20;-;NO DESERTOR;NO;1;DOS SALARIOS MÍNIMOS O MENOS;NO;60,5;1;4;3;1
14;20192;F;2;SAN PEDRO;20;-;NO DESERTOR;NO;0;MAS DE 2 Y MENOS DE 4 SALARIOS MINIMOS;NO;52,01;0;7;5;2
14;20121;M;5;RIOFRÍO;33;-;NO DESERTOR;SI;0;MAS DE 2 Y MENOS DE 4 SALARIOS MINIMOS;NO;47,76;1;6;5;1
14;20121;M;3;BUGALAGRANDE;28;-;NO DESERTOR;NO;0;DOS SALARIOS MÍNIMOS O MENOS;NO;49,16;1;5;4;1
14;20121;F;6;GUADALAJARA DE BUGA;24;-;NO DESERTOR;NO;1;DOS SALARIOS MÍNIMOS O MENOS;NO;45,83;1;7;6;1
14;20121;F;7;ANDALUCÍA;27;-;NO DESERTOR;NO;0;DOS SALARIOS MÍNIMOS O MENOS;NO;42,41;0;6;5;1
14;20121;F;2;BUGALAGRANDE;22;-;NO DESERTOR;NO;1;DOS SALARIOS MÍNIMOS O MENOS;NO;49,87;1;5;4;1
14;20121;F;5;TULUÁ;23;-;NO DESERTOR;NO;0;DOS SALARIOS MÍNIMOS O MENOS;NO;44,75;0;5;4;1
14;20192;M;2;TULUÁ;20;-;NO DESERTOR;NO;2;MAS DE 2 Y MENOS DE 4 SALARIOS MINIMOS;NO;62,22;0;5;4;1
14;20192;M;1;TULUÁ;21;INACTIVIDAD ACADEMICA;DESERTOR;NO;2;DOS SALARIOS MÍNIMOS O MENOS;NO;55,2;1;4;3;1
14;20121;F;9;TULUÁ;29;-;NO DESERTOR;NO;0;NO DEFINIDO;Si;40;3;2;1;1
14;20121;F;8;BUGALAGRANDE;25;-;NO DESERTOR;NO;0;DOS SALARIOS MÍNIMOS O MENOS;NO;51,09;0;5;4;1
14;20121;F;7;ANDALUCÍA;24;-;NO DESERTOR;NO;0;DOS SALARIOS MÍNIMOS O MENOS;NO;67,5;0;6;5;1
14;20192;F;3;TULUÁ;21;-;NO DESERTOR;NO;1;NO DEFINIDO;NO;43,35;1;6;5;1
14;20192;F;1;ANDALUCÍA;20;-;NO DESERTOR;NO;0;MAS DE 2 Y MENOS DE 4 SALARIOS MINIMOS;NO;70,39;0;5;4;1
14;20121;F;5;TULUÁ;23;-;NO DESERTOR;NO;0;DOS SALARIOS MÍNIMOS O MENOS;NO;58,43;0;7;6;1
14;20121;F;4;TULUÁ;21;-;NO DESERTOR;NO;0;DOS SALARIOS MÍNIMOS O MENOS;NO;64,81;0;8;7;1
14;20121;M;4;ANDALUCÍA;20;-;NO DESERTOR;NO;0;MAS DE 2 Y MENOS DE 4 SALARIOS MINIMOS;NO;47,95;0;6;5;1
14;20121;F;4;TULUÁ;21;-;NO DESERTOR;NO;0;DOS SALARIOS MÍNIMOS O MENOS;NO;42,9;0;4;3;1
14;20121;M;9;TULUÁ;36;-;NO DESERTOR;NO;0;NO DEFINIDO;Si;46,88;0;2;1;1
14;20121;M;7;TULUÁ;23;-;NO DESERTOR;NO;0;MAS DE 2 Y MENOS DE 4 SALARIOS MINIMOS;NO;61,42;1;6;5;1
14;20121;M;7;TRUJILLO;23;-;NO DESERTOR;NO;0;MAS DE 2 Y MENOS DE 4 SALARIOS MINIMOS;NO;54,77;1;6;5;1
14;20121;F;8;TULUÁ;23;-;NO DESERTOR;NO;0;DOS SALARIOS MÍNIMOS O MENOS;NO;48,31;0;6;5;1
14;20192;M;3;GUADALAJARA DE BUGA;21;-;NO DESERTOR;NO;0;MAS DE 2 Y MENOS DE 4 SALARIOS MINIMOS;NO;50,95;0;1;0;1
14;20121;M;9;GUADALAJARA DE BUGA;24;-;NO DESERTOR;NO;0;MAS DE 6 Y MENOS DE 8 SALARIOS MINIMOS;NO;55,22;0;5;4;1
14;20121;M;10;TULUÁ;25;-;NO DESERTOR;NO;0;MAS DE 2 Y MENOS DE 4 SALARIOS MINIMOS;NO;68,13;0;3;2;1
14;20121;M;4;TULUÁ;22;-;NO DESERTOR;NO;0;DOS SALARIOS MÍNIMOS O MENOS;NO;55,68;0;5;4;1
14;20192;M;2;GUADALAJARA DE BUGA;20;-;NO DESERTOR;NO;0;MAS DE 2 Y MENOS DE 4 SALARIOS MINIMOS;NO;51,06;0;6;5;1
14;20121;M;5;ANDALUCÍA;22;-;NO DESERTOR;NO;0;DOS SALARIOS MÍNIMOS O MENOS;NO;56,26;0;6;4;2
14;20192;M;2;TULUÁ;21;-;NO DESERTOR;NO;0;DOS SALARIOS MÍNIMOS O MENOS;NO;63,62;0;6;5;1
14;20121;M;7;TULUÁ;28;-;NO DESERTOR;NO;0;MAS DE 2 Y MENOS DE 4 SALARIOS MINIMOS;NO;40;0;4;3;1
14;20121;F;8;TULUÁ;24;-;NO DESERTOR;SI;2;MAS DE 2 Y MENOS DE 4 SALARIOS MINIMOS;NO;54,97;0;6;5;1
14;20121;M;7;GINEBRA;23;-;NO DESERTOR;NO;0;DOS SALARIOS MÍNIMOS O MENOS;NO;59,83;0;6;5;1
14;20121;M;6;TULUÁ;23;-;NO DESERTOR;NO;1;DOS SALARIOS MÍNIMOS O MENOS;NO;55,91;0;5;4;1
14;20051;M;10;GUADALAJARA DE BUGA;37;-;NO DESERTOR;NO;0;NO DEFINIDO;Si;50,95;0;2;1;1
14;20121;M;6;TULUÁ;27;-;NO DESERTOR;NO;0;DOS SALARIOS MÍNIMOS O MENOS;NO;48,08;0;2;1;1
14;20121;M;6;ANDALUCÍA;27;-;NO DESERTOR;NO;0;MAS DE 2 Y MENOS DE 4 SALARIOS MINIMOS;NO;43,34;1;4;3;1
14;20192;M;2;BUGALAGRANDE;20;-;NO DESERTOR;NO;0;MAS DE 2 Y MENOS DE 4 SALARIOS MINIMOS;NO;52,89;0;6;5;1
14;20192;M;1;TULUÁ;21;INACTIVIDAD ACADEMICA;DESERTOR;NO;2;DOS SALARIOS MÍNIMOS O MENOS;NO;56,06;0;4;3;1
14;20121;M;8;ANDALUCÍA;24;-;NO DESERTOR;NO;2;MAS DE 8 SALARIOS MINIMOS;NO;49,08;1;8;7;1
14;20121;M;6;CALI;24;-;NO DESERTOR;NO;0;MAS DE 4 Y MENOS DE 6 SALARIOS MINIMOS;NO;52,27;0;7;6;1
14;20121;F;6;TULUÁ;23;-;NO DESERTOR;NO;0;MAS DE 2 Y MENOS DE 4 SALARIOS MINIMOS;NO;51,45;0;5;4;1
14;20121;F;7;TULUÁ;24;-;NO DESERTOR;NO;0;MAS DE 2 Y MENOS DE 4 SALARIOS MINIMOS;NO;46,54;0;4;3;1
14;20192;M;1;TULUÁ;21;-;NO DESERTOR;NO;0;DOS SALARIOS MÍNIMOS O MENOS;NO;57,3;0;4;3;1
14;20121;F;9;TULUÁ;28;-;NO DESERTOR;NO;0;MAS DE 2 Y MENOS DE 4 SALARIOS MINIMOS;NO;45;0;2;1;1
14;20121;F;9;TULUÁ;25;-;NO DESERTOR;NO;0;DOS SALARIOS MÍNIMOS O MENOS;NO;53,98;0;8;7;1
14;20121;M;5;GUADALAJARA DE BUGA;23;-;NO DESERTOR;NO;0;MAS DE 2 Y MENOS DE 4 SALARIOS MINIMOS;NO;58,09;0;5;4;1
14;20121;M;9;TULUÁ;26;-;NO DESERTOR;NO;0;MAS DE 6 Y MENOS DE 8 SALARIOS MINIMOS;NO;46,06;0;3;2;1
14;20121;F;8;BUGALAGRANDE;24;-;NO DESERTOR;NO;0;MAS DE 2 Y MENOS DE 4 SALARIOS MINIMOS;NO;56,3;0;4;3;1
14;20121;F;7;TULUÁ;22;-;NO DESERTOR;NO;0;DOS SALARIOS MÍNIMOS O MENOS;NO;48,03;0;4;3;1
14;20121;F;6;TULUÁ;24;-;NO DESERTOR;NO;0;MAS DE 6 Y MENOS DE 8 SALARIOS MINIMOS;NO;54,97;0;4;3;1
14;20121;F;6;TULUÁ;22;-;NO DESERTOR;NO;0;MAS DE 6 Y MENOS DE 8 SALARIOS MINIMOS;NO;52,04;0;5;4;1
14;20121;F;6;TULUÁ;23;-;NO DESERTOR;NO;0;DOS SALARIOS MÍNIMOS O MENOS;NO;64,81;0;4;3;1
14;20121;F;4;TULUÁ;22;-;NO DESERTOR;NO;0;DOS SALARIOS MÍNIMOS O MENOS;NO;57,26;0;5;4;1
14;20121;F;3;ANDALUCÍA;21;-;NO DESERTOR;NO;0;DOS SALARIOS MÍNIMOS O MENOS;NO;56,72;1;8;7;1
14;20121;F;5;SAN PEDRO;25;-;NO DESERTOR;NO;0;DOS SALARIOS MÍNIMOS O MENOS;NO;45,05;1;5;4;1
14;20121;F;4;TULUÁ;25;-;NO DESERTOR;NO;2;MAS DE 4 Y MENOS DE 6 SALARIOS MINIMOS;NO;50,95;0;7;4;3
14;20121;F;8;TULUÁ;25;-;NO DESERTOR;NO;0;MAS DE 2 Y MENOS DE 4 SALARIOS MINIMOS;NO;48,93;0;4;3;1
14;20121;F;5;GUACARÍ;21;-;NO DESERTOR;NO;1;DOS SALARIOS MÍNIMOS O MENOS;NO;65,02;0;8;6;2
14;20192;F;3;TULUÁ;23;-;NO DESERTOR;NO;0;DOS SALARIOS MÍNIMOS O MENOS;NO;60,55;0;6;5;1
14;20192;F;2;TULUÁ;20;-;NO DESERTOR;NO;2;MAS DE 2 Y MENOS DE 4 SALARIOS MINIMOS;NO;61,88;0;6;5;1
14;20192;F;1;GUADALAJARA DE BUGA;20;-;NO DESERTOR;NO;0;MAS DE 2 Y MENOS DE 4 SALARIOS MINIMOS;NO;59,93;0;4;3;1
14;20121;F;9;ANDALUCÍA;24;-;NO DESERTOR;NO;0;DOS SALARIOS MÍNIMOS O MENOS;NO;54,67;0;10;9;1
14;20192;F;3;TULUÁ;21;-;NO DESERTOR;NO;2;MAS DE 2 Y MENOS DE 4 SALARIOS MINIMOS;NO;55,79;0;7;6;1
14;20121;F;4;ANDALUCÍA;25;-;NO DESERTOR;NO;0;DOS SALARIOS MÍNIMOS O MENOS;NO;43,04;1;6;5;1
14;20121;M;5;TULUÁ;27;-;NO DESERTOR;SI;0;MAS DE 2 Y MENOS DE 4 SALARIOS MINIMOS;NO;42,56;1;6;5;1
14;20121;F;7;TULUÁ;24;-;NO DESERTOR;NO;0;DOS SALARIOS MÍNIMOS O MENOS;NO;49,68;1;6;5;1
14;20121;M;6;ANDALUCÍA;23;-;NO DESERTOR;NO;2;MAS DE 2 Y MENOS DE 4 SALARIOS MINIMOS;NO;43,72;0;6;5;1
14;20121;M;6;TULUÁ;22;-;NO DESERTOR;NO;0;MAS DE 2 Y MENOS DE 4 SALARIOS MINIMOS;Si;55,31;0;7;5;2
14;20192;M;2;GUADALAJARA DE BUGA;21;-;NO DESERTOR;NO;0;DOS SALARIOS MÍNIMOS O MENOS;NO;48,66;0;4;3;1
14;20192;F;1;GUADALAJARA DE BUGA;18;-;NO DESERTOR;NO;0;MAS DE 2 Y MENOS DE 4 SALARIOS MINIMOS;NO;75,53;0;4;3;1
14;20121;M;5;GUADALAJARA DE BUGA;31;-;NO DESERTOR;NO;1;MAS DE 2 Y MENOS DE 4 SALARIOS MINIMOS;NO;43,03;0;2;1;1
14;20121;F;7;TULUÁ;24;-;NO DESERTOR;NO;0;MAS DE 2 Y MENOS DE 4 SALARIOS MINIMOS;Si;44,13;0;6;5;1
14;20121;F;5;TULUÁ;26;-;NO DESERTOR;NO;2;DOS SALARIOS MÍNIMOS O MENOS;NO;44,32;1;8;7;1
14;20121;M;5;TULUÁ;27;-;NO DESERTOR;NO;2;DOS SALARIOS MÍNIMOS O MENOS;NO;47,2;0;4;3;1
13;20121;M;5;TULUÁ;23;-;NO DESERTOR;NO;2;MAS DE 2 Y MENOS DE 4 SALARIOS MINIMOS;NO;52,71;0;4;3;1
13;20192;M;1;RIOFRÍO;21;-;NO DESERTOR;NO;0;MAS DE 4 Y MENOS DE 6 SALARIOS MINIMOS;NO;60,41;0;8;6;2
13;20121;F;8;TULUÁ;24;-;NO DESERTOR;NO;0;MAS DE 2 Y MENOS DE 4 SALARIOS MINIMOS;NO;52,66;0;6;5;1
13;20121;M;2;TULUÁ;21;-;NO DESERTOR;NO;0;DOS SALARIOS MÍNIMOS O MENOS;NO;58,12;1;6;5;1
13;20121;M;5;GUADALAJARA DE BUGA;30;-;NO DESERTOR;NO;0;MAS DE 2 Y MENOS DE 4 SALARIOS MINIMOS;NO;46,07;1;7;6;1
13;20121;M;8;TULUÁ;25;-;NO DESERTOR;NO;0;MAS DE 6 Y MENOS DE 8 SALARIOS MINIMOS;Si;52,9;0;7;6;1
13;20121;F;6;ANDALUCÍA;24;-;NO DESERTOR;NO;0;DOS SALARIOS MÍNIMOS O MENOS;NO;38,19;0;7;5;2
13;20121;F;6;ANSERMA;26;-;NO DESERTOR;NO;0;MAS DE 2 Y MENOS DE 4 SALARIOS MINIMOS;NO;47,44;0;2;1;1
13;20121;F;10;TULUÁ;25;-;NO DESERTOR;NO;0;MAS DE 2 Y MENOS DE 4 SALARIOS MINIMOS;Si;55,08;0;6;5;1
13;20192;F;1;TULUÁ;20;-;NO DESERTOR;NO;0;DOS SALARIOS MÍNIMOS O MENOS;NO;57,33;0;5;4;1
13;20192;F;1;TULUÁ;20;-;NO DESERTOR;NO;0;MAS DE 2 Y MENOS DE 4 SALARIOS MINIMOS;NO;57,85;0;6;5;1
13;20121;F;7;TULUÁ;24;-;NO DESERTOR;NO;0;MAS DE 2 Y MENOS DE 4 SALARIOS MINIMOS;Si;55,64;0;6;5;1
13;20121;F;10;TULUÁ;27;-;NO DESERTOR;NO;0;MAS DE 2 Y MENOS DE 4 SALARIOS MINIMOS;Si;61,2;0;8;7;1
13;20192;M;1;SAN PEDRO;20;INACTIVIDAD ACADEMICA;DESERTOR;NO;0;DOS SALARIOS MÍNIMOS O MENOS;NO;55,2;0;7;6;1
13;20121;F;9;TULUÁ;27;-;NO DESERTOR;SI;1;MAS DE 2 Y MENOS DE 4 SALARIOS MINIMOS;NO;54,43;0;5;4;1
13;20121;M;9;TULUÁ;25;-;NO DESERTOR;NO;0;MAS DE 2 Y MENOS DE 4 SALARIOS MINIMOS;Si;61,96;0;5;4;1
13;20192;M;2;GUADALAJARA DE BUGA;21;-;NO DESERTOR;NO;0;DOS SALARIOS MÍNIMOS O MENOS;NO;54,98;1;8;6;2
13;20121;M;2;TULUÁ;26;-;NO DESERTOR;NO;0;DOS SALARIOS MÍNIMOS O MENOS;NO;43,57;1;8;7;1
13;20192;F;2;EL CERRITO;22;-;NO DESERTOR;NO;2;MAS DE 2 Y MENOS DE 4 SALARIOS MINIMOS;NO;50,25;1;7;5;2
13;20121;M;2;TULUÁ;23;-;NO DESERTOR;NO;0;MAS DE 2 Y MENOS DE 4 SALARIOS MINIMOS;NO;62,9;1;6;5;1
13;20121;M;4;BUGALAGRANDE;27;-;NO DESERTOR;NO;0;DOS SALARIOS MÍNIMOS O MENOS;NO;46,81;1;9;7;2
13;20121;M;7;TULUÁ;27;-;NO DESERTOR;SI;1;MAS DE 2 Y MENOS DE 4 SALARIOS MINIMOS;Si;51,95;0;5;4;1
13;20121;M;2;BUGALAGRANDE;23;-;NO DESERTOR;NO;2;MAS DE 2 Y MENOS DE 4 SALARIOS MINIMOS;NO;52,72;1;6;5;1
13;20192;M;1;TULUÁ;22;-;NO DESERTOR;NO;0;NO DEFINIDO;NO;60,55;1;6;5;1
13;20121;M;5;TULUÁ;26;-;NO DESERTOR;NO;0;MAS DE 6 Y MENOS DE 8 SALARIOS MINIMOS;NO;50,32;0;8;7;1
13;20121;M;10;TULUÁ;28;-;NO DESERTOR;NO;0;DOS SALARIOS MÍNIMOS O MENOS;Si;49,26;0;9;8;1
13;20121;F;11;SEVILLA;28;-;NO DESERTOR;NO;0;NO DEFINIDO;NO;41,24;1;2;1;1
13;20121;F;7;BUGALAGRANDE;24;-;NO DESERTOR;NO;0;MAS DE 2 Y MENOS DE 4 SALARIOS MINIMOS;NO;68,93;0;3;2;1
13;20121;M;11;ANDALUCÍA;27;-;NO DESERTOR;NO;0;DOS SALARIOS MÍNIMOS O MENOS;Si;50,95;0;1;0;1
13;20121;M;5;ANDALUCÍA;29;-;NO DESERTOR;NO;0;MAS DE 2 Y MENOS DE 4 SALARIOS MINIMOS;NO;57,2;0;4;3;1
13;20121;M;4;TULUÁ;25;-;NO DESERTOR;NO;0;MAS DE 2 Y MENOS DE 4 SALARIOS MINIMOS;NO;52,33;0;5;4;1
13;20121;M;5;BUGALAGRANDE;29;-;NO DESERTOR;NO;0;NO DEFINIDO;Si;50,83;0;2;1;1
13;20121;M;4;GUADALAJARA DE BUGA;22;-;NO DESERTOR;NO;0;DOS SALARIOS MÍNIMOS O MENOS;NO;60,19;0;6;5;1
13;20121;F;4;TULUÁ;22;-;NO DESERTOR;NO;0;NO DEFINIDO;NO;55,06;0;9;8;1
13;20121;F;2;SAN PEDRO;26;-;NO DESERTOR;NO;0;DOS SALARIOS MÍNIMOS O MENOS;NO;43,1;1;6;4;2
13;20192;F;1;TULUÁ;20;-;NO DESERTOR;NO;0;MAS DE 2 Y MENOS DE 4 SALARIOS MINIMOS;NO;53,21;0;6;5;1
13;20121;F;2;TULUÁ;28;-;NO DESERTOR;NO;1;MAS DE 4 Y MENOS DE 6 SALARIOS MINIMOS;NO;46,16;0;7;6;1
13;20121;M;10;BUGALAGRANDE;27;-;NO DESERTOR;NO;0;DOS SALARIOS MÍNIMOS O MENOS;Si;50;1;6;5;1
13;20121;M;2;TULUÁ;25;-;NO DESERTOR;NO;0;MAS DE 2 Y MENOS DE 4 SALARIOS MINIMOS;NO;59,65;0;5;4;1
13;20121;M;4;EL CERRITO;24;-;NO DESERTOR;NO;2;MAS DE 4 Y MENOS DE 6 SALARIOS MINIMOS;NO;61,24;1;6;5;1
13;20192;F;1;TULUÁ;23;-;NO DESERTOR;NO;0;MAS DE 2 Y MENOS DE 4 SALARIOS MINIMOS;NO;57;0;5;4;1
13;20192;F;2;BUGALAGRANDE;21;-;NO DESERTOR;NO;0;DOS SALARIOS MÍNIMOS O MENOS;NO;58,7;0;5;4;1
13;20192;M;1;TULUÁ;21;-;NO DESERTOR;NO;1;MAS DE 2 Y MENOS DE 4 SALARIOS MINIMOS;NO;41,37;0;6;5;1
13;20121;M;4;TULUÁ;25;-;NO DESERTOR;NO;1;MAS DE 2 Y MENOS DE 4 SALARIOS MINIMOS;NO;33,39;0;6;5;1
13;20121;M;9;TULUÁ;27;-;NO DESERTOR;NO;0;MAS DE 4 Y MENOS DE 6 SALARIOS MINIMOS;Si;54,16;0;7;6;1
13;20121;M;7;TULUÁ;26;-;NO DESERTOR;NO;1;MAS DE 4 Y MENOS DE 6 SALARIOS MINIMOS;NO;55,8;1;5;4;1
13;20121;M;10;TULUÁ;31;-;NO DESERTOR;NO;2;DOS SALARIOS MÍNIMOS O MENOS;Si;50,95;0;3;2;1
13;20192;F;1;TULUÁ;20;-;NO DESERTOR;NO;0;DOS SALARIOS MÍNIMOS O MENOS;NO;54,01;1;5;4;1
13;20121;F;3;TULUÁ;25;-;NO DESERTOR;NO;1;MAS DE 2 Y MENOS DE 4 SALARIOS MINIMOS;NO;40,27;1;4;3;1
13;20121;F;7;BUGALAGRANDE;26;-;NO DESERTOR;NO;0;DOS SALARIOS MÍNIMOS O MENOS;Si;51,44;1;6;5;1
13;20121;F;7;TULUÁ;24;-;NO DESERTOR;NO;2;DOS SALARIOS MÍNIMOS O MENOS;Si;48,41;0;7;6;1
13;20121;F;6;EL CERRITO;28;-;NO DESERTOR;NO;0;MAS DE 2 Y MENOS DE 4 SALARIOS MINIMOS;NO;44,44;1;5;4;1
13;20121;M;4;GUADALAJARA DE BUGA;25;-;NO DESERTOR;NO;2;DOS SALARIOS MÍNIMOS O MENOS;NO;48,4;1;5;4;1
13;20121;M;9;AIPE;31;-;NO DESERTOR;NO;0;DOS SALARIOS MÍNIMOS O MENOS;Si;49,26;0;2;1;1
13;20121;M;5;TULUÁ;25;-;NO DESERTOR;NO;2;MAS DE 2 Y MENOS DE 4 SALARIOS MINIMOS;NO;61,03;1;6;5;1
13;20121;M;1;TULUÁ;22;INACTIVIDAD ACADEMICA;DESERTOR;NO;2;MAS DE 2 Y MENOS DE 4 SALARIOS MINIMOS;NO;56,66;1;7;6;1
13;20051;F;11;TULUÁ;34;INACTIVIDAD ACADEMICA;DESERTOR;NO;0;NO DEFINIDO;NO;50,95;0;1;0;1
13;20121;F;3;TULUÁ;22;-;NO DESERTOR;NO;1;DOS SALARIOS MÍNIMOS O MENOS;NO;50,95;0;5;4;1
13;20121;F;9;TULUÁ;24;-;NO DESERTOR;NO;0;MAS DE 6 Y MENOS DE 8 SALARIOS MINIMOS;NO;56,69;0;5;4;1
13;20121;M;3;GUADALAJARA DE BUGA;23;-;NO DESERTOR;NO;2;DOS SALARIOS MÍNIMOS O MENOS;NO;55,24;1;4;3;1
13;20121;M;10;TULUÁ;26;-;NO DESERTOR;NO;1;MAS DE 2 Y MENOS DE 4 SALARIOS MINIMOS;NO;50,84;0;6;5;1
13;20192;M;1;TULUÁ;20;-;NO DESERTOR;NO;1;MAS DE 2 Y MENOS DE 4 SALARIOS MINIMOS;NO;51,38;0;5;4;1
13;20121;F;2;TULUÁ;23;-;NO DESERTOR;NO;0;DOS SALARIOS MÍNIMOS O MENOS;NO;48,49;1;5;4;1
13;20121;F;3;TULUÁ;26;-;NO DESERTOR;SI;0;DOS SALARIOS MÍNIMOS O MENOS;NO;48,29;0;5;4;1
13;20121;F;4;TULUÁ;25;-;NO DESERTOR;NO;0;MAS DE 2 Y MENOS DE 4 SALARIOS MINIMOS;NO;58,51;0;7;6;1
13;20121;M;8;GUADALAJARA DE BUGA;24;-;NO DESERTOR;NO;1;MAS DE 4 Y MENOS DE 6 SALARIOS MINIMOS;Si;60,39;0;6;5;1
13;20192;M;2;TULUÁ;26;-;NO DESERTOR;NO;0;DOS SALARIOS MÍNIMOS O MENOS;NO;50,14;0;5;4;1
13;20192;M;1;BUENAVENTURA;21;-;NO DESERTOR;NO;0;MAS DE 2 Y MENOS DE 4 SALARIOS MINIMOS;NO;60,73;0;5;4;1
13;20121;M;3;ANDALUCÍA;28;-;NO DESERTOR;NO;0;DOS SALARIOS MÍNIMOS O MENOS;NO;54,73;0;5;4;1
13;20192;M;2;TULUÁ;26;-;NO DESERTOR;SI;0;MAS DE 2 Y MENOS DE 4 SALARIOS MINIMOS;NO;37,05;1;6;5;1
13;20121;F;9;TULUÁ;24;-;NO DESERTOR;NO;0;DOS SALARIOS MÍNIMOS O MENOS;NO;59,71;0;6;5;1
13;20121;F;4;TULUÁ;23;-;NO DESERTOR;NO;0;MAS DE 2 Y MENOS DE 4 SALARIOS MINIMOS;NO;54,72;0;5;4;1
13;20192;F;1;RIOFRÍO;21;-;NO DESERTOR;NO;0;NO DEFINIDO;NO;60,55;0;7;6;1
13;20121;F;4;RIOFRÍO;25;-;NO DESERTOR;NO;0;MAS DE 2 Y MENOS DE 4 SALARIOS MINIMOS;NO;41,75;0;5;4;1
13;20121;F;7;TULUÁ;23;-;NO DESERTOR;NO;0;DOS SALARIOS MÍNIMOS O MENOS;NO;50,12;0;7;6;1
13;20121;F;4;TULUÁ;22;-;NO DESERTOR;NO;1;DOS SALARIOS MÍNIMOS O MENOS;NO;58,65;0;7;6;1
13;20192;F;1;TULUÁ;21;-;NO DESERTOR;NO;0;MAS DE 2 Y MENOS DE 4 SALARIOS MINIMOS;NO;61,72;0;7;5;2
13;20121;F;3;TULUÁ;22;-;NO DESERTOR;NO;0;MAS DE 2 Y MENOS DE 4 SALARIOS MINIMOS;NO;55,15;0;5;4;1
13;20121;F;5;TULUÁ;24;-;NO DESERTOR;NO;0;MAS DE 4 Y MENOS DE 6 SALARIOS MINIMOS;NO;49,56;0;5;4;1
13;20121;F;2;TULUÁ;21;-;NO DESERTOR;NO;0;MAS DE 2 Y MENOS DE 4 SALARIOS MINIMOS;NO;51,93;0;6;4;2
13;20192;F;2;TULUÁ;22;-;NO DESERTOR;NO;0;MAS DE 2 Y MENOS DE 4 SALARIOS MINIMOS;NO;44,6;0;5;4;1
13;20192;F;1;ANDALUCÍA;20;-;NO DESERTOR;NO;0;NO DEFINIDO;NO;53,55;0;5;4;1
13;20121;M;11;TULUÁ;28;-;NO DESERTOR;NO;0;NO DEFINIDO;Si;50,95;0;1;0;1
13;20121;M;10;GUADALAJARA DE BUGA;29;INACTIVIDAD ACADEMICA;DESERTOR;NO;1;DOS SALARIOS MÍNIMOS O MENOS;NO;66,44;0;2;1;1
13;20121;M;6;ANDALUCÍA;23;-;NO DESERTOR;NO;0;MAS DE 2 Y MENOS DE 4 SALARIOS MINIMOS;NO;58,51;1;3;2;1
13;20121;M;3;BUENAVENTURA;24;-;NO DESERTOR;NO;0;NO DEFINIDO;NO;57,15;0;6;5;1
13;20121;M;4;PALMIRA;26;-;NO DESERTOR;NO;0;MAS DE 4 Y MENOS DE 6 SALARIOS MINIMOS;NO;46,24;0;9;6;3
13;20121;F;10;TULUÁ;27;-;NO DESERTOR;SI;0;DOS SALARIOS MÍNIMOS O MENOS;NO;48,4;0;7;6;1
13;20121;F;4;TULUÁ;26;-;NO DESERTOR;NO;0;MAS DE 2 Y MENOS DE 4 SALARIOS MINIMOS;NO;48,38;0;6;4;2
13;20192;M;2;TULUÁ;22;-;NO DESERTOR;NO;0;MAS DE 8 SALARIOS MINIMOS;NO;62,62;0;6;5;1
13;20121;F;4;TULUÁ;26;INACTIVIDAD ACADEMICA;DESERTOR;NO;1;DOS SALARIOS MÍNIMOS O MENOS;NO;42,76;1;4;3;1
13;20121;M;2;TULUÁ;23;-;NO DESERTOR;NO;0;NO DEFINIDO;NO;53,06;1;8;7;1
13;20041;M;1;TULUÁ;39;-;NO DESERTOR;NO;0;NO DEFINIDO;NO;50,95;0;1;0;1
13;20192;M;1;TULUÁ;21;-;NO DESERTOR;NO;0;DOS SALARIOS MÍNIMOS O MENOS;NO;55,32;0;5;4;1
13;20121;M;4;GUADALAJARA DE BUGA;23;-;NO DESERTOR;NO;1;MAS DE 2 Y MENOS DE 4 SALARIOS MINIMOS;NO;65,44;0;6;4;2
13;20121;M;9;ANDALUCÍA;27;-;NO DESERTOR;NO;1;DOS SALARIOS MÍNIMOS O MENOS;Si;50,28;1;2;1;1
13;20192;M;1;TULUÁ;21;-;NO DESERTOR;NO;1;NO DEFINIDO;NO;55,44;1;5;4;1
13;20192;M;1;BUENAVENTURA;20;-;NO DESERTOR;NO;2;MAS DE 2 Y MENOS DE 4 SALARIOS MINIMOS;NO;47,12;1;6;5;1
13;20121;M;11;TULUÁ;27;-;NO DESERTOR;NO;2;DOS SALARIOS MÍNIMOS O MENOS;Si;48,08;0;5;4;1
13;20121;M;7;TULUÁ;24;-;NO DESERTOR;NO;2;MAS DE 2 Y MENOS DE 4 SALARIOS MINIMOS;Si;53,73;0;9;8;1
13;20121;M;6;TULUÁ;23;-;NO DESERTOR;NO;0;MAS DE 2 Y MENOS DE 4 SALARIOS MINIMOS;NO;51,05;1;4;3;1
13;20121;M;6;TULUÁ;23;-;NO DESERTOR;NO;0;MAS DE 2 Y MENOS DE 4 SALARIOS MINIMOS;Si;58,46;0;6;5;1
13;20121;M;5;TULUÁ;24;-;NO DESERTOR;SI;0;MAS DE 2 Y MENOS DE 4 SALARIOS MINIMOS;NO;55,05;0;5;4;1
13;20121;M;4;TULUÁ;22;-;NO DESERTOR;NO;0;MAS DE 4 Y MENOS DE 6 SALARIOS MINIMOS;NO;49,97;1;6;5;1
13;20121;M;3;BUGALAGRANDE;24;INACTIVIDAD ACADEMICA;DESERTOR;NO;0;MAS DE 2 Y MENOS DE 4 SALARIOS MINIMOS;NO;52,13;1;8;7;1
13;20121;M;9;TULUÁ;24;-;NO DESERTOR;NO;0;MAS DE 6 Y MENOS DE 8 SALARIOS MINIMOS;Si;52,73;0;5;4;1
13;20192;M;2;TULUÁ;22;-;NO DESERTOR;SI;0;MAS DE 2 Y MENOS DE 4 SALARIOS MINIMOS;NO;54,66;1;5;4;1
13;20121;M;5;TULUÁ;31;-;NO DESERTOR;NO;1;NO DEFINIDO;NO;48,73;1;3;1;2
13;20121;M;11;TULUÁ;28;-;NO DESERTOR;NO;1;MAS DE 2 Y MENOS DE 4 SALARIOS MINIMOS;Si;49,84;0;4;2;2
13;20121;M;10;TULUÁ;25;INACTIVIDAD ACADEMICA;DESERTOR;NO;1;MAS DE 2 Y MENOS DE 4 SALARIOS MINIMOS;NO;53,72;0;7;6;1
13;20121;M;8;GUADALAJARA DE BUGA;24;-;NO DESERTOR;NO;2;DOS SALARIOS MÍNIMOS O MENOS;NO;51,89;0;10;9;1
13;20121;M;9;TULUÁ;25;-;NO DESERTOR;NO;0;DOS SALARIOS MÍNIMOS O MENOS;NO;60,51;0;6;5;1
13;20121;M;7;GUADALAJARA DE BUGA;24;-;NO DESERTOR;NO;0;NO DEFINIDO;Si;50,95;0;7;6;1
13;20121;M;4;TULUÁ;21;-;NO DESERTOR;NO;0;MAS DE 2 Y MENOS DE 4 SALARIOS MINIMOS;NO;47,93;0;6;5;1
13;20121;M;4;TULUÁ;22;-;NO DESERTOR;NO;0;DOS SALARIOS MÍNIMOS O MENOS;NO;57,06;0;8;7;1
13;20121;M;3;TULUÁ;22;-;NO DESERTOR;NO;0;DOS SALARIOS MÍNIMOS O MENOS;NO;50,95;0;7;6;1
13;20192;M;2;TULUÁ;22;-;NO DESERTOR;NO;1;DOS SALARIOS MÍNIMOS O MENOS;NO;48,88;0;4;3;1
13;20192;M;1;TULUÁ;20;-;NO DESERTOR;NO;0;MAS DE 4 Y MENOS DE 6 SALARIOS MINIMOS;NO;67,55;0;5;4;1
13;20121;M;3;TULUÁ;23;-;NO DESERTOR;NO;0;MAS DE 4 Y MENOS DE 6 SALARIOS MINIMOS;NO;58,38;0;6;5;1
13;20121;M;2;TULUÁ;22;INACTIVIDAD ACADEMICA;DESERTOR;NO;1;DOS SALARIOS MÍNIMOS O MENOS;NO;51,66;0;6;5;1
13;20192;M;1;TULUÁ;22;-;NO DESERTOR;NO;0;MAS DE 2 Y MENOS DE 4 SALARIOS MINIMOS;NO;60,02;0;5;4;1
13;20121;M;5;ANDALUCÍA;25;-;NO DESERTOR;NO;0;MAS DE 2 Y MENOS DE 4 SALARIOS MINIMOS;Si;39,48;1;6;5;1
13;20121;M;5;TULUÁ;25;-;NO DESERTOR;NO;1;MAS DE 4 Y MENOS DE 6 SALARIOS MINIMOS;NO;52,08;1;4;3;1
13;20121;M;3;BUGALAGRANDE;22;-;NO DESERTOR;NO;0;MAS DE 2 Y MENOS DE 4 SALARIOS MINIMOS;NO;55,73;0;5;4;1
13;20121;M;3;TULUÁ;22;-;NO DESERTOR;NO;1;DOS SALARIOS MÍNIMOS O MENOS;NO;53,39;0;8;7;1
13;20192;M;2;TULUÁ;22;-;NO DESERTOR;NO;0;NO DEFINIDO;NO;59,06;0;8;6;2
13;20121;M;9;GUADALAJARA DE BUGA;29;-;NO DESERTOR;NO;3;MAS DE 6 Y MENOS DE 8 SALARIOS MINIMOS;Si;48,94;0;5;4;1
13;20121;M;6;TULUÁ;26;-;NO DESERTOR;NO;0;MAS DE 2 Y MENOS DE 4 SALARIOS MINIMOS;Si;46,4;0;5;4;1
13;20121;M;5;TRUJILLO;22;-;NO DESERTOR;NO;0;MAS DE 2 Y MENOS DE 4 SALARIOS MINIMOS;NO;56,55;0;5;4;1
13;20192;M;1;TULUÁ;20;-;NO DESERTOR;NO;0;NO DEFINIDO;NO;47,98;1;6;5;1
13;20192;M;1;TULUÁ;20;-;NO DESERTOR;NO;1;MAS DE 2 Y MENOS DE 4 SALARIOS MINIMOS;NO;48,79;0;4;3;1
13;20121;M;7;TULUÁ;23;-;NO DESERTOR;NO;1;MAS DE 2 Y MENOS DE 4 SALARIOS MINIMOS;Si;51,56;0;7;6;1
13;20121;M;3;TULUÁ;21;-;NO DESERTOR;NO;0;MAS DE 4 Y MENOS DE 6 SALARIOS MINIMOS;NO;50,95;0;8;6;2
13;20121;M;3;TULUÁ;23;-;NO DESERTOR;NO;2;MAS DE 4 Y MENOS DE 6 SALARIOS MINIMOS;NO;48,01;0;5;4;1
13;20192;M;1;ANDALUCÍA;21;-;NO DESERTOR;NO;0;MAS DE 2 Y MENOS DE 4 SALARIOS MINIMOS;NO;57,95;0;4;3;1
13;20121;M;2;GUADALAJARA DE BUGA;22;-;NO DESERTOR;NO;0;MAS DE 2 Y MENOS DE 4 SALARIOS MINIMOS;NO;58,87;1;7;5;2
13;20121;M;9;TULUÁ;28;-;NO DESERTOR;NO;0;NO DEFINIDO;Si;50,95;0;2;1;1
13;20121;M;1;TULUÁ;30;-;NO DESERTOR;NO;0;NO DEFINIDO;NO;50,95;0;3;1;2
13;20121;M;7;TULUÁ;30;-;NO DESERTOR;NO;1;DOS SALARIOS MÍNIMOS O MENOS;NO;48,31;0;7;6;1
13;20121;M;4;ANDALUCÍA;23;-;NO DESERTOR;NO;0;DOS SALARIOS MÍNIMOS O MENOS;NO;61,27;1;5;4;1
13;20192;M;1;TULUÁ;22;-;NO DESERTOR;NO;2;DOS SALARIOS MÍNIMOS O MENOS;NO;50,53;0;6;5;1
13;20121;M;7;TULUÁ;28;-;NO DESERTOR;NO;0;MAS DE 4 Y MENOS DE 6 SALARIOS MINIMOS;Si;52,97;0;6;5;1
13;20121;M;6;BUENAVENTURA;23;-;NO DESERTOR;NO;0;DOS SALARIOS MÍNIMOS O MENOS;NO;52,92;0;8;5;3
13;20121;M;3;TULUÁ;23;-;NO DESERTOR;NO;0;MAS DE 2 Y MENOS DE 4 SALARIOS MINIMOS;NO;52,14;1;6;5;1
13;20121;M;4;TULUÁ;25;-;NO DESERTOR;NO;0;DOS SALARIOS MÍNIMOS O MENOS;NO;56,29;0;8;7;1
13;20121;F;6;GUADALAJARA DE BUGA;29;-;NO DESERTOR;NO;0;DOS SALARIOS MÍNIMOS O MENOS;NO;53,12;0;3;1;2
13;20121;F;6;TULUÁ;22;-;NO DESERTOR;NO;0;MAS DE 2 Y MENOS DE 4 SALARIOS MINIMOS;Si;61,49;1;6;5;1
13;20121;M;9;TULUÁ;27;-;NO DESERTOR;NO;0;MAS DE 2 Y MENOS DE 4 SALARIOS MINIMOS;Si;47,56;1;7;6;1
13;20121;M;6;BUGALAGRANDE;22;-;NO DESERTOR;NO;0;MAS DE 2 Y MENOS DE 4 SALARIOS MINIMOS;NO;41,51;1;5;4;1
13;20121;M;5;TULUÁ;22;-;NO DESERTOR;NO;0;DOS SALARIOS MÍNIMOS O MENOS;NO;63,8;0;5;4;1
13;20121;M;3;TULUÁ;21;-;NO DESERTOR;NO;2;DOS SALARIOS MÍNIMOS O MENOS;NO;50,95;0;8;7;1
13;20192;M;2;ANDALUCÍA;22;-;NO DESERTOR;NO;0;DOS SALARIOS MÍNIMOS O MENOS;NO;43,83;0;6;5;1
13;20121;M;5;TULUÁ;25;-;NO DESERTOR;NO;0;DOS SALARIOS MÍNIMOS O MENOS;NO;53,58;0;5;4;1
13;20121;M;7;GUADALAJARA DE BUGA;24;-;NO DESERTOR;NO;0;MAS DE 2 Y MENOS DE 4 SALARIOS MINIMOS;Si;54,32;0;4;3;1
13;20121;M;10;GUADALAJARA DE BUGA;26;-;NO DESERTOR;NO;1;MAS DE 2 Y MENOS DE 4 SALARIOS MINIMOS;Si;50,4;0;4;3;1
13;20121;F;7;BUENAVENTURA;23;-;NO DESERTOR;NO;0;DOS SALARIOS MÍNIMOS O MENOS;Si;49,99;0;8;7;1
13;20121;F;4;TULUÁ;24;INACTIVIDAD ACADEMICA;DESERTOR;NO;3;DOS SALARIOS MÍNIMOS O MENOS;NO;47,81;0;5;4;1
13;20121;F;4;BUGALAGRANDE;22;-;NO DESERTOR;NO;0;MAS DE 4 Y MENOS DE 6 SALARIOS MINIMOS;NO;56,54;0;6;5;1
13;20121;F;5;GUADALAJARA DE BUGA;22;-;NO DESERTOR;NO;0;MAS DE 2 Y MENOS DE 4 SALARIOS MINIMOS;NO;58,2;0;4;3;1
13;20121;F;4;ROLDANILLO;26;-;NO DESERTOR;NO;0;MAS DE 4 Y MENOS DE 6 SALARIOS MINIMOS;NO;50,21;0;4;3;1
13;20121;F;3;TULUÁ;21;-;NO DESERTOR;NO;0;MAS DE 2 Y MENOS DE 4 SALARIOS MINIMOS;NO;75,77;0;7;6;1
13;20121;M;3;GUADALAJARA DE BUGA;25;-;NO DESERTOR;NO;3;DOS SALARIOS MÍNIMOS O MENOS;NO;47,42;1;7;5;2
13;20121;M;3;TULUÁ;21;-;NO DESERTOR;NO;0;MAS DE 2 Y MENOS DE 4 SALARIOS MINIMOS;NO;49,08;1;8;7;1
13;20121;F;8;ROLDANILLO;30;-;NO DESERTOR;NO;1;MAS DE 4 Y MENOS DE 6 SALARIOS MINIMOS;NO;52,15;0;7;6;1
13;20121;F;5;TULUÁ;26;-;NO DESERTOR;NO;2;MAS DE 2 Y MENOS DE 4 SALARIOS MINIMOS;NO;37,24;1;5;4;1
13;20121;F;2;TULUÁ;22;-;NO DESERTOR;NO;2;DOS SALARIOS MÍNIMOS O MENOS;NO;51,61;1;5;4;1
13;20121;M;10;GUADALAJARA DE BUGA;36;-;NO DESERTOR;NO;0;MAS DE 4 Y MENOS DE 6 SALARIOS MINIMOS;Si;45,74;4;3;2;1
13;20121;M;9;TULUÁ;26;-;NO DESERTOR;NO;0;DOS SALARIOS MÍNIMOS O MENOS;Si;53,45;0;5;4;1
13;20192;F;1;ANDALUCÍA;21;-;NO DESERTOR;NO;0;DOS SALARIOS MÍNIMOS O MENOS;NO;63,33;0;5;4;1
13;20121;F;3;TULUÁ;22;-;NO DESERTOR;NO;0;DOS SALARIOS MÍNIMOS O MENOS;NO;72,25;0;7;6;1
13;20121;F;10;GUADALAJARA DE BUGA;26;-;NO DESERTOR;NO;0;MAS DE 2 Y MENOS DE 4 SALARIOS MINIMOS;Si;53,73;0;5;4;1
13;20121;F;3;TULUÁ;21;-;NO DESERTOR;NO;0;NO DEFINIDO;NO;56,7;0;8;7;1
13;20121;F;5;ROLDANILLO;27;-;NO DESERTOR;NO;0;MAS DE 8 SALARIOS MINIMOS;NO;46,76;0;4;3;1
13;20121;F;9;BUENAVENTURA;24;-;NO DESERTOR;NO;2;MAS DE 2 Y MENOS DE 4 SALARIOS MINIMOS;Si;56,97;0;7;6;1
13;20121;F;5;GUADALAJARA DE BUGA;22;-;NO DESERTOR;NO;0;DOS SALARIOS MÍNIMOS O MENOS;NO;47,5;0;6;5;1
13;20121;F;2;TULUÁ;21;-;NO DESERTOR;NO;0;MAS DE 4 Y MENOS DE 6 SALARIOS MINIMOS;NO;56,72;1;7;6;1
13;20192;M;2;GUADALAJARA DE BUGA;21;-;NO DESERTOR;NO;0;MAS DE 2 Y MENOS DE 4 SALARIOS MINIMOS;NO;52,65;0;7;6;1
13;20121;M;5;TULUÁ;23;-;NO DESERTOR;NO;0;DOS SALARIOS MÍNIMOS O MENOS;Si;60,95;0;6;5;1
13;20121;M;9;TULUÁ;29;-;NO DESERTOR;NO;0;MAS DE 2 Y MENOS DE 4 SALARIOS MINIMOS;Si;39,92;3;2;1;1
13;20121;M;6;SAN PEDRO;25;-;NO DESERTOR;NO;0;MAS DE 2 Y MENOS DE 4 SALARIOS MINIMOS;NO;45,13;0;4;3;1
13;20192;M;2;ANDALUCÍA;21;-;NO DESERTOR;NO;0;MAS DE 2 Y MENOS DE 4 SALARIOS MINIMOS;NO;59,02;0;6;5;1
13;20121;F;5;TRUJILLO;25;-;NO DESERTOR;NO;0;DOS SALARIOS MÍNIMOS O MENOS;Si;42,22;0;5;4;1
13;20121;F;4;CALI;26;-;NO DESERTOR;NO;0;MAS DE 2 Y MENOS DE 4 SALARIOS MINIMOS;Si;52,41;0;7;6;1
13;20121;F;6;ANDALUCÍA;23;-;NO DESERTOR;NO;2;NO DEFINIDO;NO;54,89;0;5;4;1
13;20121;F;5;TULUÁ;23;-;NO DESERTOR;NO;0;MAS DE 2 Y MENOS DE 4 SALARIOS MINIMOS;NO;48,45;0;5;3;2
13;20121;M;4;EL CERRITO;22;-;NO DESERTOR;NO;0;MAS DE 4 Y MENOS DE 6 SALARIOS MINIMOS;NO;49,7;1;6;5;1
13;20121;F;3;TULUÁ;22;-;NO DESERTOR;NO;0;NO DEFINIDO;NO;55,25;0;9;8;1
13;20121;F;7;TULUÁ;24;-;NO DESERTOR;NO;0;DOS SALARIOS MÍNIMOS O MENOS;NO;55,79;0;8;7;1
13;20121;F;11;TULUÁ;29;-;NO DESERTOR;NO;0;NO DEFINIDO;Si;49,66;2;2;1;1
13;20121;F;10;GUADALAJARA DE BUGA;26;-;NO DESERTOR;NO;0;MAS DE 6 Y MENOS DE 8 SALARIOS MINIMOS;Si;53,01;0;9;8;1
13;20121;F;5;TULUÁ;24;-;NO DESERTOR;NO;0;MAS DE 2 Y MENOS DE 4 SALARIOS MINIMOS;NO;60,99;0;5;4;1
13;20121;F;2;TULUÁ;22;-;NO DESERTOR;NO;0;DOS SALARIOS MÍNIMOS O MENOS;NO;57,55;1;8;7;1
13;20121;F;2;TULUÁ;23;INACTIVIDAD ACADEMICA;DESERTOR;NO;0;MAS DE 2 Y MENOS DE 4 SALARIOS MINIMOS;NO;41,67;1;6;5;1
13;20192;F;1;TULUÁ;22;-;NO DESERTOR;NO;0;MAS DE 2 Y MENOS DE 4 SALARIOS MINIMOS;NO;61,62;0;9;5;4
13;20192;F;1;TULUÁ;20;-;NO DESERTOR;NO;0;MAS DE 2 Y MENOS DE 4 SALARIOS MINIMOS;NO;58,54;0;6;5;1
13;20121;F;11;TULUÁ;26;-;NO DESERTOR;NO;0;DOS SALARIOS MÍNIMOS O MENOS;Si;55,76;0;7;6;1
13;20121;F;7;TULUÁ;28;-;NO DESERTOR;NO;0;DOS SALARIOS MÍNIMOS O MENOS;NO;37,8;0;7;6;1
13;20121;F;3;TULUÁ;23;-;NO DESERTOR;NO;0;MAS DE 4 Y MENOS DE 6 SALARIOS MINIMOS;NO;59,16;1;6;5;1
13;20192;F;2;GUADALAJARA DE BUGA;21;-;NO DESERTOR;NO;0;MAS DE 2 Y MENOS DE 4 SALARIOS MINIMOS;NO;54,67;0;7;6;1
13;20192;F;1;TULUÁ;21;-;NO DESERTOR;NO;0;DOS SALARIOS MÍNIMOS O MENOS;NO;58,07;0;7;6;1
13;20192;F;1;SAN PEDRO;20;-;NO DESERTOR;NO;0;MAS DE 2 Y MENOS DE 4 SALARIOS MINIMOS;NO;52,01;0;7;5;2
13;20121;M;7;RIOFRÍO;33;-;NO DESERTOR;SI;0;MAS DE 2 Y MENOS DE 4 SALARIOS MINIMOS;NO;47,76;1;6;5;1
13;20192;F;2;TULUÁ;22;INACTIVIDAD ACADEMICA;DESERTOR;NO;0;MAS DE 2 Y MENOS DE 4 SALARIOS MINIMOS;NO;46,07;0;6;5;1
13;20121;M;3;BUGALAGRANDE;28;-;NO DESERTOR;NO;0;DOS SALARIOS MÍNIMOS O MENOS;NO;49,16;1;5;4;1
13;20121;F;4;GUADALAJARA DE BUGA;24;-;NO DESERTOR;NO;1;DOS SALARIOS MÍNIMOS O MENOS;NO;45,83;1;7;6;1
13;20121;F;6;ANDALUCÍA;27;-;NO DESERTOR;NO;0;DOS SALARIOS MÍNIMOS O MENOS;NO;42,41;0;6;5;1
13;20121;F;3;BUGALAGRANDE;22;-;NO DESERTOR;NO;1;DOS SALARIOS MÍNIMOS O MENOS;NO;49,87;1;5;4;1
13;20121;F;7;TULUÁ;23;-;NO DESERTOR;NO;0;DOS SALARIOS MÍNIMOS O MENOS;NO;44,75;0;5;4;1
13;20192;M;1;TULUÁ;20;-;NO DESERTOR;NO;2;MAS DE 2 Y MENOS DE 4 SALARIOS MINIMOS;NO;62,22;0;5;4;1
13;20121;M;11;TULUÁ;26;-;NO DESERTOR;NO;0;MAS DE 2 Y MENOS DE 4 SALARIOS MINIMOS;Si;40,32;0;5;4;1
13;20121;F;10;TULUÁ;29;-;NO DESERTOR;NO;0;NO DEFINIDO;Si;40;3;2;1;1
13;20121;F;6;BUGALAGRANDE;25;-;NO DESERTOR;NO;0;DOS SALARIOS MÍNIMOS O MENOS;NO;51,09;0;5;4;1
13;20121;F;6;ANDALUCÍA;24;-;NO DESERTOR;NO;0;DOS SALARIOS MÍNIMOS O MENOS;NO;67,5;0;6;5;1
13;20121;F;4;TULUÁ;23;-;NO DESERTOR;NO;0;DOS SALARIOS MÍNIMOS O MENOS;NO;58,43;0;7;6;1
13;20192;F;2;TULUÁ;21;-;NO DESERTOR;NO;1;NO DEFINIDO;NO;43,35;1;6;5;1
13;20121;F;3;TULUÁ;21;-;NO DESERTOR;NO;0;DOS SALARIOS MÍNIMOS O MENOS;NO;64,81;0;8;7;1
13;20121;M;3;ANDALUCÍA;20;-;NO DESERTOR;NO;0;MAS DE 2 Y MENOS DE 4 SALARIOS MINIMOS;NO;47,95;0;6;5;1
13;20121;F;4;TULUÁ;21;-;NO DESERTOR;NO;0;DOS SALARIOS MÍNIMOS O MENOS;NO;42,9;0;4;3;1
13;20121;M;6;TULUÁ;23;-;NO DESERTOR;NO;0;MAS DE 2 Y MENOS DE 4 SALARIOS MINIMOS;NO;61,42;1;6;5;1
13;20121;M;6;TRUJILLO;23;-;NO DESERTOR;NO;0;MAS DE 2 Y MENOS DE 4 SALARIOS MINIMOS;NO;54,77;1;6;5;1
13;20121;F;7;TULUÁ;23;-;NO DESERTOR;NO;0;DOS SALARIOS MÍNIMOS O MENOS;NO;48,31;0;6;5;1
13;20121;M;10;TULUÁ;28;-;NO DESERTOR;NO;0;NO DEFINIDO;Si;56,83;1;2;1;1
13;20121;M;11;TULUÁ;27;-;NO DESERTOR;NO;0;MAS DE 2 Y MENOS DE 4 SALARIOS MINIMOS;Si;54,8;0;3;1;2
13;20192;M;2;GUADALAJARA DE BUGA;21;-;NO DESERTOR;NO;0;MAS DE 2 Y MENOS DE 4 SALARIOS MINIMOS;NO;50,95;0;1;0;1
13;20121;M;9;GUADALAJARA DE BUGA;24;-;NO DESERTOR;NO;0;MAS DE 6 Y MENOS DE 8 SALARIOS MINIMOS;NO;55,22;0;5;4;1
13;20121;M;9;TULUÁ;25;-;NO DESERTOR;NO;0;MAS DE 2 Y MENOS DE 4 SALARIOS MINIMOS;NO;68,13;0;3;2;1
13;20121;M;5;TULUÁ;22;-;NO DESERTOR;NO;0;DOS SALARIOS MÍNIMOS O MENOS;NO;55,68;0;5;4;1
13;20121;M;11;TRUJILLO;27;-;NO DESERTOR;NO;0;DOS SALARIOS MÍNIMOS O MENOS;NO;51,68;0;5;4;1
13;20121;M;3;TULUÁ;21;-;NO DESERTOR;NO;0;MAS DE 6 Y MENOS DE 8 SALARIOS MINIMOS;NO;54,94;1;4;4;0
13;20121;M;4;ANDALUCÍA;22;-;NO DESERTOR;NO;0;DOS SALARIOS MÍNIMOS O MENOS;NO;56,26;0;6;4;2
13;20192;M;1;TULUÁ;21;-;NO DESERTOR;NO;0;DOS SALARIOS MÍNIMOS O MENOS;NO;63,62;0;6;5;1
13;20192;M;1;GUADALAJARA DE BUGA;20;-;NO DESERTOR;NO;0;MAS DE 2 Y MENOS DE 4 SALARIOS MINIMOS;NO;51,06;0;6;5;1
13;20121;M;8;TULUÁ;28;-;NO DESERTOR;NO;0;MAS DE 2 Y MENOS DE 4 SALARIOS MINIMOS;NO;40;0;4;3;1
13;20121;F;6;TULUÁ;24;-;NO DESERTOR;SI;2;MAS DE 2 Y MENOS DE 4 SALARIOS MINIMOS;NO;54,97;0;6;5;1
13;20121;M;6;GINEBRA;23;-;NO DESERTOR;NO;0;DOS SALARIOS MÍNIMOS O MENOS;NO;59,83;0;6;5;1
13;20121;M;5;TULUÁ;23;-;NO DESERTOR;NO;1;DOS SALARIOS MÍNIMOS O MENOS;NO;55,91;0;5;4;1
13;20121;M;4;TULUÁ;27;-;NO DESERTOR;NO;0;DOS SALARIOS MÍNIMOS O MENOS;NO;48,08;0;2;1;1
13;20121;M;5;ANDALUCÍA;27;-;NO DESERTOR;NO;0;MAS DE 2 Y MENOS DE 4 SALARIOS MINIMOS;NO;43,34;1;4;3;1
13;20192;M;1;BUGALAGRANDE;20;-;NO DESERTOR;NO;0;MAS DE 2 Y MENOS DE 4 SALARIOS MINIMOS;NO;52,89;0;6;5;1
13;20121;M;6;ANDALUCÍA;24;-;NO DESERTOR;NO;2;MAS DE 8 SALARIOS MINIMOS;NO;49,08;1;8;7;1
13;20121;M;5;CALI;24;-;NO DESERTOR;NO;0;MAS DE 4 Y MENOS DE 6 SALARIOS MINIMOS;NO;52,27;0;7;6;1
13;20121;F;5;TULUÁ;23;-;NO DESERTOR;NO;0;MAS DE 2 Y MENOS DE 4 SALARIOS MINIMOS;NO;51,45;0;5;4;1
13;20121;F;6;TULUÁ;24;-;NO DESERTOR;NO;0;MAS DE 2 Y MENOS DE 4 SALARIOS MINIMOS;NO;46,54;0;4;3;1
13;20121;F;8;TULUÁ;28;-;NO DESERTOR;NO;0;MAS DE 2 Y MENOS DE 4 SALARIOS MINIMOS;NO;45;0;2;1;1
13;20121;F;8;TULUÁ;25;-;NO DESERTOR;NO;0;DOS SALARIOS MÍNIMOS O MENOS;NO;53,98;0;8;7;1
13;20121;M;4;GUADALAJARA DE BUGA;23;-;NO DESERTOR;NO;0;MAS DE 2 Y MENOS DE 4 SALARIOS MINIMOS;NO;58,09;0;5;4;1
13;20121;M;8;TULUÁ;26;-;NO DESERTOR;NO;0;MAS DE 6 Y MENOS DE 8 SALARIOS MINIMOS;NO;46,06;0;3;2;1
13;20121;F;8;BUGALAGRANDE;24;-;NO DESERTOR;NO;0;MAS DE 2 Y MENOS DE 4 SALARIOS MINIMOS;NO;56,3;0;4;3;1
13;20121;F;6;TULUÁ;22;-;NO DESERTOR;NO;0;DOS SALARIOS MÍNIMOS O MENOS;NO;48,03;0;4;3;1
13;20121;F;5;TULUÁ;24;-;NO DESERTOR;NO;0;MAS DE 6 Y MENOS DE 8 SALARIOS MINIMOS;NO;54,97;0;4;3;1
13;20121;F;5;TULUÁ;22;-;NO DESERTOR;NO;0;MAS DE 6 Y MENOS DE 8 SALARIOS MINIMOS;NO;52,04;0;5;4;1
13;20121;F;1;TULUÁ;23;-;NO DESERTOR;NO;0;DOS SALARIOS MÍNIMOS O MENOS;NO;64,81;0;4;3;1
13;20121;F;3;TULUÁ;22;-;NO DESERTOR;NO;0;DOS SALARIOS MÍNIMOS O MENOS;NO;57,26;0;5;4;1
13;20121;F;2;ANDALUCÍA;21;-;NO DESERTOR;NO;0;DOS SALARIOS MÍNIMOS O MENOS;NO;56,72;1;8;7;1
13;20121;F;4;SAN PEDRO;25;-;NO DESERTOR;NO;0;DOS SALARIOS MÍNIMOS O MENOS;NO;45,05;1;5;4;1
13;20121;F;3;TULUÁ;25;-;NO DESERTOR;NO;2;MAS DE 4 Y MENOS DE 6 SALARIOS MINIMOS;NO;50,95;0;7;4;3
13;20121;F;7;TULUÁ;25;-;NO DESERTOR;NO;0;MAS DE 2 Y MENOS DE 4 SALARIOS MINIMOS;NO;48,93;0;4;3;1
13;20121;F;4;GUACARÍ;21;-;NO DESERTOR;NO;1;DOS SALARIOS MÍNIMOS O MENOS;NO;65,02;0;8;6;2
13;20192;F;2;TULUÁ;23;-;NO DESERTOR;NO;0;DOS SALARIOS MÍNIMOS O MENOS;NO;60,55;0;6;5;1
13;20192;F;1;TULUÁ;20;-;NO DESERTOR;NO;2;MAS DE 2 Y MENOS DE 4 SALARIOS MINIMOS;NO;61,88;0;6;5;1
13;20121;F;8;ANDALUCÍA;24;-;NO DESERTOR;NO;0;DOS SALARIOS MÍNIMOS O MENOS;NO;54,67;0;10;9;1
13;20192;F;2;TULUÁ;21;-;NO DESERTOR;NO;2;MAS DE 2 Y MENOS DE 4 SALARIOS MINIMOS;NO;55,79;0;7;6;1
13;20121;F;3;ANDALUCÍA;25;-;NO DESERTOR;NO;0;DOS SALARIOS MÍNIMOS O MENOS;NO;43,04;1;6;5;1
13;20192;M;1;BUGALAGRANDE;36;INACTIVIDAD ACADEMICA;DESERTOR;SI;1;MAS DE 2 Y MENOS DE 4 SALARIOS MINIMOS;NO;45,76;6;3;3;0
13;20121;F;6;TULUÁ;24;-;NO DESERTOR;NO;0;DOS SALARIOS MÍNIMOS O MENOS;NO;49,68;1;6;5;1
13;20121;M;4;ANDALUCÍA;23;-;NO DESERTOR;NO;2;MAS DE 2 Y MENOS DE 4 SALARIOS MINIMOS;NO;43,72;0;6;5;1
13;20121;M;5;TULUÁ;22;-;NO DESERTOR;NO;0;MAS DE 2 Y MENOS DE 4 SALARIOS MINIMOS;Si;55,31;0;7;5;2
13;20192;M;1;GUADALAJARA DE BUGA;21;-;NO DESERTOR;NO;0;DOS SALARIOS MÍNIMOS O MENOS;NO;48,66;0;4;3;1
13;20121;F;6;TULUÁ;24;-;NO DESERTOR;NO;0;MAS DE 2 Y MENOS DE 4 SALARIOS MINIMOS;Si;44,13;0;6;5;1
13;20121;F;4;TULUÁ;26;-;NO DESERTOR;NO;2;DOS SALARIOS MÍNIMOS O MENOS;NO;44,32;1;8;7;1
13;20121;M;8;TULUÁ;27;-;NO DESERTOR;NO;2;DOS SALARIOS MÍNIMOS O MENOS;NO;47,2;0;4;3;1
12;20121;M;3;TULUÁ;40;INACTIVIDAD ACADEMICA;DESERTOR;SI;1;MAS DE 2 Y MENOS DE 4 SALARIOS MINIMOS;NO;56,52;1;7;6;1
12;20121;F;10;TULUÁ;26;-;NO DESERTOR;NO;0;MAS DE 2 Y MENOS DE 4 SALARIOS MINIMOS;NO;60,32;0;7;6;1
12;20121;M;4;TULUÁ;23;-;NO DESERTOR;NO;2;MAS DE 2 Y MENOS DE 4 SALARIOS MINIMOS;NO;52,71;0;4;3;1
12;20121;M;9;TULUÁ;27;-;NO DESERTOR;NO;0;MAS DE 4 Y MENOS DE 6 SALARIOS MINIMOS;Si;44,76;1;2;1;1
12;20121;M;11;TULUÁ;28;-;NO DESERTOR;NO;0;MAS DE 8 SALARIOS MINIMOS;Si;43,72;0;7;6;1
12;20121;F;7;TULUÁ;24;-;NO DESERTOR;NO;0;MAS DE 2 Y MENOS DE 4 SALARIOS MINIMOS;Si;52,66;0;6;5;1
12;20121;F;10;TULUÁ;26;-;NO DESERTOR;NO;2;DOS SALARIOS MÍNIMOS O MENOS;NO;54,32;0;7;6;1
12;20121;M;2;TULUÁ;21;-;NO DESERTOR;NO;0;DOS SALARIOS MÍNIMOS O MENOS;NO;58,12;1;6;5;1
12;20121;M;7;TULUÁ;25;-;NO DESERTOR;NO;0;MAS DE 6 Y MENOS DE 8 SALARIOS MINIMOS;Si;52,9;0;7;6;1
12;20121;F;5;ANDALUCÍA;24;-;NO DESERTOR;NO;0;DOS SALARIOS MÍNIMOS O MENOS;NO;38,19;0;7;5;2
12;20121;F;2;BUGALAGRANDE;22;INACTIVIDAD ACADEMICA;DESERTOR;NO;1;MAS DE 2 Y MENOS DE 4 SALARIOS MINIMOS;NO;42,97;1;4;4;0
12;20121;F;4;ANSERMA;26;-;NO DESERTOR;NO;0;MAS DE 2 Y MENOS DE 4 SALARIOS MINIMOS;NO;47,44;0;2;1;1
12;20121;F;9;TULUÁ;25;-;NO DESERTOR;NO;0;MAS DE 2 Y MENOS DE 4 SALARIOS MINIMOS;Si;55,08;0;6;5;1
12;20192;F;1;TULUÁ;20;-;NO DESERTOR;NO;0;DOS SALARIOS MÍNIMOS O MENOS;NO;57,33;0;5;4;1
12;20192;F;1;TULUÁ;20;-;NO DESERTOR;NO;0;MAS DE 2 Y MENOS DE 4 SALARIOS MINIMOS;NO;57,85;0;6;5;1
12;20121;F;6;TULUÁ;24;-;NO DESERTOR;NO;0;MAS DE 2 Y MENOS DE 4 SALARIOS MINIMOS;Si;55,64;0;6;5;1
12;20121;F;9;TULUÁ;27;-;NO DESERTOR;NO;0;MAS DE 2 Y MENOS DE 4 SALARIOS MINIMOS;Si;61,2;0;8;7;1
12;20121;F;8;TULUÁ;27;-;NO DESERTOR;SI;1;MAS DE 2 Y MENOS DE 4 SALARIOS MINIMOS;NO;54,43;0;5;4;1
12;20121;M;8;TULUÁ;25;-;NO DESERTOR;NO;0;MAS DE 2 Y MENOS DE 4 SALARIOS MINIMOS;Si;61,96;0;5;4;1
12;20192;M;1;GUADALAJARA DE BUGA;21;-;NO DESERTOR;NO;0;DOS SALARIOS MÍNIMOS O MENOS;NO;54,98;1;8;6;2
12;20121;M;2;TULUÁ;26;-;NO DESERTOR;NO;0;DOS SALARIOS MÍNIMOS O MENOS;NO;43,57;1;8;7;1
12;20192;F;1;EL CERRITO;22;-;NO DESERTOR;NO;2;MAS DE 2 Y MENOS DE 4 SALARIOS MINIMOS;NO;50,25;1;7;5;2
12;20121;M;2;TULUÁ;23;-;NO DESERTOR;NO;0;MAS DE 2 Y MENOS DE 4 SALARIOS MINIMOS;NO;62,9;1;6;5;1
12;20121;M;4;BUGALAGRANDE;27;-;NO DESERTOR;NO;0;DOS SALARIOS MÍNIMOS O MENOS;NO;46,81;1;9;7;2
12;20121;M;5;TULUÁ;27;-;NO DESERTOR;SI;1;MAS DE 2 Y MENOS DE 4 SALARIOS MINIMOS;Si;51,95;0;5;4;1
12;20121;M;11;GUADALAJARA DE BUGA;27;-;NO DESERTOR;NO;0;MAS DE 2 Y MENOS DE 4 SALARIOS MINIMOS;Si;46,48;1;2;1;1
12;20121;M;2;BUGALAGRANDE;23;-;NO DESERTOR;NO;2;MAS DE 2 Y MENOS DE 4 SALARIOS MINIMOS;NO;52,72;1;6;5;1
12;20121;M;10;TRUJILLO;26;-;NO DESERTOR;NO;0;MAS DE 2 Y MENOS DE 4 SALARIOS MINIMOS;Si;56,24;0;7;6;1
12;20121;M;6;TULUÁ;26;-;NO DESERTOR;NO;0;MAS DE 6 Y MENOS DE 8 SALARIOS MINIMOS;NO;50,32;0;8;7;1
12;20121;M;9;TULUÁ;28;-;NO DESERTOR;NO;0;DOS SALARIOS MÍNIMOS O MENOS;Si;49,26;0;9;8;1
12;20121;F;6;BUGALAGRANDE;24;-;NO DESERTOR;NO;0;MAS DE 2 Y MENOS DE 4 SALARIOS MINIMOS;NO;68,93;0;3;2;1
12;20121;M;9;ANDALUCÍA;27;-;NO DESERTOR;NO;0;DOS SALARIOS MÍNIMOS O MENOS;Si;50,95;0;1;0;1
12;20121;M;4;ANDALUCÍA;29;-;NO DESERTOR;NO;0;MAS DE 2 Y MENOS DE 4 SALARIOS MINIMOS;NO;57,2;0;4;3;1
12;20121;M;4;TULUÁ;25;-;NO DESERTOR;NO;0;MAS DE 2 Y MENOS DE 4 SALARIOS MINIMOS;NO;52,33;0;5;4;1
12;20121;M;4;BUENAVENTURA;25;INACTIVIDAD ACADEMICA;DESERTOR;NO;0;MAS DE 2 Y MENOS DE 4 SALARIOS MINIMOS;NO;46,95;1;5;4;1
12;20121;M;4;GUADALAJARA DE BUGA;22;-;NO DESERTOR;NO;0;DOS SALARIOS MÍNIMOS O MENOS;NO;60,19;0;6;5;1
12;20121;M;3;TULUÁ;26;INACTIVIDAD ACADEMICA;DESERTOR;NO;0;MAS DE 6 Y MENOS DE 8 SALARIOS MINIMOS;NO;47,24;0;5;5;0
12;20121;F;10;TULUÁ;25;-;NO DESERTOR;NO;1;DOS SALARIOS MÍNIMOS O MENOS;NO;57,92;0;8;7;1
12;20121;F;3;TULUÁ;22;-;NO DESERTOR;NO;0;NO DEFINIDO;NO;55,06;0;9;8;1
12;20121;F;2;SAN PEDRO;26;-;NO DESERTOR;NO;0;DOS SALARIOS MÍNIMOS O MENOS;NO;43,1;1;6;4;2
12;20121;F;2;ANDALUCÍA;21;-;NO DESERTOR;NO;0;MAS DE 2 Y MENOS DE 4 SALARIOS MINIMOS;NO;49,02;1;7;7;0
12;20121;M;9;BUGALAGRANDE;27;-;NO DESERTOR;NO;0;DOS SALARIOS MÍNIMOS O MENOS;Si;50;1;6;5;1
12;20121;F;10;TULUÁ;25;-;NO DESERTOR;NO;0;MAS DE 2 Y MENOS DE 4 SALARIOS MINIMOS;Si;59,12;0;5;4;1
12;20121;M;2;TULUÁ;25;-;NO DESERTOR;NO;0;MAS DE 2 Y MENOS DE 4 SALARIOS MINIMOS;NO;59,65;0;5;4;1
12;20121;M;3;EL CERRITO;24;-;NO DESERTOR;NO;2;MAS DE 4 Y MENOS DE 6 SALARIOS MINIMOS;NO;61,24;1;6;5;1
12;20192;F;1;BUGALAGRANDE;21;-;NO DESERTOR;NO;0;DOS SALARIOS MÍNIMOS O MENOS;NO;58,7;0;5;4;1
12;20121;M;4;TULUÁ;24;INACTIVIDAD ACADEMICA;DESERTOR;NO;1;DOS SALARIOS MÍNIMOS O MENOS;NO;51,17;0;4;3;1
12;20121;M;10;TULUÁ;27;-;NO DESERTOR;NO;0;MAS DE 4 Y MENOS DE 6 SALARIOS MINIMOS;Si;54,16;0;7;6;1
12;20121;M;9;TULUÁ;31;-;NO DESERTOR;NO;2;DOS SALARIOS MÍNIMOS O MENOS;Si;50,95;0;3;2;1
12;20121;F;3;TULUÁ;25;-;NO DESERTOR;NO;1;MAS DE 2 Y MENOS DE 4 SALARIOS MINIMOS;NO;40,27;1;4;3;1
12;20121;F;6;BUGALAGRANDE;26;-;NO DESERTOR;NO;0;DOS SALARIOS MÍNIMOS O MENOS;Si;51,44;1;6;5;1
12;20121;F;6;TULUÁ;24;-;NO DESERTOR;NO;2;DOS SALARIOS MÍNIMOS O MENOS;Si;48,41;0;7;6;1
12;20121;F;4;EL CERRITO;28;-;NO DESERTOR;NO;0;MAS DE 2 Y MENOS DE 4 SALARIOS MINIMOS;NO;44,44;1;5;4;1
12;20121;F;10;TRUJILLO;28;-;NO DESERTOR;NO;0;DOS SALARIOS MÍNIMOS O MENOS;Si;49,24;0;7;6;1
12;20121;F;10;TULUÁ;25;-;NO DESERTOR;NO;0;MAS DE 2 Y MENOS DE 4 SALARIOS MINIMOS;Si;60,28;0;4;3;1
12;20121;M;3;LA UNIÓN;29;INACTIVIDAD ACADEMICA;DESERTOR;NO;0;MAS DE 4 Y MENOS DE 6 SALARIOS MINIMOS;NO;39,92;1;2;1;1
12;20121;M;9;TULUÁ;30;INACTIVIDAD ACADEMICA;DESERTOR;NO;0;MAS DE 4 Y MENOS DE 6 SALARIOS MINIMOS;NO;45,69;1;2;1;1
12;20121;M;3;GUADALAJARA DE BUGA;25;-;NO DESERTOR;NO;2;DOS SALARIOS MÍNIMOS O MENOS;NO;48,4;1;5;4;1
12;20121;M;8;AIPE;31;-;NO DESERTOR;NO;0;DOS SALARIOS MÍNIMOS O MENOS;Si;49,26;0;2;1;1
12;20121;M;2;TULUÁ;22;-;NO DESERTOR;NO;2;MAS DE 2 Y MENOS DE 4 SALARIOS MINIMOS;NO;56,66;1;7;6;1
12;20121;M;9;BUENAVENTURA;30;-;NO DESERTOR;NO;0;DOS SALARIOS MÍNIMOS O MENOS;NO;50,95;2;2;1;1
12;20121;F;2;TULUÁ;22;-;NO DESERTOR;NO;1;DOS SALARIOS MÍNIMOS O MENOS;NO;50,95;0;5;4;1
12;20121;F;8;TULUÁ;24;-;NO DESERTOR;NO;0;MAS DE 6 Y MENOS DE 8 SALARIOS MINIMOS;NO;56,69;0;5;4;1
12;20121;M;2;GUADALAJARA DE BUGA;23;-;NO DESERTOR;NO;2;DOS SALARIOS MÍNIMOS O MENOS;NO;55,24;1;4;3;1
12;20121;M;9;TULUÁ;26;-;NO DESERTOR;NO;1;MAS DE 2 Y MENOS DE 4 SALARIOS MINIMOS;NO;50,84;0;6;5;1
12;20121;F;2;SAN PEDRO;22;-;NO DESERTOR;NO;0;DOS SALARIOS MÍNIMOS O MENOS;NO;52,28;0;9;8;1
12;20121;F;2;TULUÁ;23;-;NO DESERTOR;NO;0;DOS SALARIOS MÍNIMOS O MENOS;NO;48,49;1;5;4;1
12;20121;F;2;TULUÁ;26;-;NO DESERTOR;SI;0;DOS SALARIOS MÍNIMOS O MENOS;NO;48,29;0;5;4;1
12;20121;F;3;TULUÁ;25;-;NO DESERTOR;NO;0;MAS DE 2 Y MENOS DE 4 SALARIOS MINIMOS;NO;58,51;0;7;6;1
12;20121;M;10;TULUÁ;28;-;NO DESERTOR;NO;2;DOS SALARIOS MÍNIMOS O MENOS;NO;50,4;0;4;3;1
12;20121;M;7;GUADALAJARA DE BUGA;24;-;NO DESERTOR;NO;1;MAS DE 4 Y MENOS DE 6 SALARIOS MINIMOS;Si;60,39;0;6;5;1
12;20121;M;9;BUENAVENTURA;44;INACTIVIDAD ACADEMICA;DESERTOR;NO;0;NO DEFINIDO;NO;50,95;0;1;0;1
12;20121;M;11;TULUÁ;28;-;NO DESERTOR;NO;0;DOS SALARIOS MÍNIMOS O MENOS;NO;56,8;1;6;5;1
12;20192;M;1;TULUÁ;26;-;NO DESERTOR;NO;0;DOS SALARIOS MÍNIMOS O MENOS;NO;50,14;0;5;4;1
12;20121;M;10;TULUÁ;25;-;NO DESERTOR;NO;1;DOS SALARIOS MÍNIMOS O MENOS;Si;49,12;0;7;6;1
12;20121;M;3;ANDALUCÍA;28;-;NO DESERTOR;NO;0;DOS SALARIOS MÍNIMOS O MENOS;NO;54,73;0;5;4;1
12;20192;M;1;TULUÁ;26;-;NO DESERTOR;SI;0;MAS DE 2 Y MENOS DE 4 SALARIOS MINIMOS;NO;37,05;1;6;5;1
12;20121;F;8;TULUÁ;24;-;NO DESERTOR;NO;0;DOS SALARIOS MÍNIMOS O MENOS;NO;59,71;0;6;5;1
12;20121;F;3;TULUÁ;23;-;NO DESERTOR;NO;0;MAS DE 2 Y MENOS DE 4 SALARIOS MINIMOS;NO;54,72;0;5;4;1
12;20121;F;4;RIOFRÍO;25;-;NO DESERTOR;NO;0;MAS DE 2 Y MENOS DE 4 SALARIOS MINIMOS;NO;41,75;0;5;4;1
12;20121;F;6;TULUÁ;23;-;NO DESERTOR;NO;0;DOS SALARIOS MÍNIMOS O MENOS;NO;50,12;0;7;6;1
12;20121;F;3;TULUÁ;22;-;NO DESERTOR;NO;1;DOS SALARIOS MÍNIMOS O MENOS;NO;58,65;0;7;6;1
12;20121;F;4;TULUÁ;24;-;NO DESERTOR;NO;0;MAS DE 4 Y MENOS DE 6 SALARIOS MINIMOS;NO;49,56;0;5;4;1
12;20121;F;2;TULUÁ;21;-;NO DESERTOR;NO;0;MAS DE 2 Y MENOS DE 4 SALARIOS MINIMOS;NO;51,93;0;6;4;2
12;20192;F;1;TULUÁ;22;-;NO DESERTOR;NO;0;MAS DE 2 Y MENOS DE 4 SALARIOS MINIMOS;NO;44,6;0;5;4;1
12;20121;M;9;GUADALAJARA DE BUGA;29;-;NO DESERTOR;NO;1;DOS SALARIOS MÍNIMOS O MENOS;NO;66,44;0;2;1;1
12;20121;M;5;ANDALUCÍA;23;-;NO DESERTOR;NO;0;MAS DE 2 Y MENOS DE 4 SALARIOS MINIMOS;NO;58,51;1;3;2;1
12;20121;M;5;TULUÁ;25;INACTIVIDAD ACADEMICA;DESERTOR;NO;0;MAS DE 2 Y MENOS DE 4 SALARIOS MINIMOS;NO;52,87;0;5;4;1
12;20121;M;3;BUENAVENTURA;24;-;NO DESERTOR;NO;0;NO DEFINIDO;NO;57,15;0;6;5;1
12;20121;M;5;PALMIRA;26;-;NO DESERTOR;NO;0;MAS DE 4 Y MENOS DE 6 SALARIOS MINIMOS;NO;46,24;0;9;6;3
12;20121;F;9;TULUÁ;27;-;NO DESERTOR;SI;0;DOS SALARIOS MÍNIMOS O MENOS;NO;48,4;0;7;6;1
12;20121;F;3;TULUÁ;26;-;NO DESERTOR;NO;0;MAS DE 2 Y MENOS DE 4 SALARIOS MINIMOS;NO;48,38;0;6;4;2
12;20192;M;1;TULUÁ;22;-;NO DESERTOR;NO;0;MAS DE 8 SALARIOS MINIMOS;NO;62,62;0;6;5;1
12;20121;F;3;TULUÁ;26;-;NO DESERTOR;NO;1;DOS SALARIOS MÍNIMOS O MENOS;NO;42,76;1;4;3;1
12;20121;M;9;TULUÁ;29;-;NO DESERTOR;NO;3;MAS DE 4 Y MENOS DE 6 SALARIOS MINIMOS;Si;39,36;0;8;6;2
12;20121;M;2;TULUÁ;23;-;NO DESERTOR;NO;0;NO DEFINIDO;NO;53,06;1;8;7;1
12;20121;M;4;TULUÁ;25;INACTIVIDAD ACADEMICA;DESERTOR;NO;2;MAS DE 2 Y MENOS DE 4 SALARIOS MINIMOS;NO;53,16;0;5;4;1
12;20121;M;4;GUADALAJARA DE BUGA;23;-;NO DESERTOR;NO;1;MAS DE 2 Y MENOS DE 4 SALARIOS MINIMOS;NO;65,44;0;6;4;2
12;20121;M;9;ANDALUCÍA;27;-;NO DESERTOR;NO;1;DOS SALARIOS MÍNIMOS O MENOS;Si;50,28;1;2;1;1
12;20192;M;2;TULUÁ;22;INACTIVIDAD ACADEMICA;DESERTOR;NO;0;MAS DE 6 Y MENOS DE 8 SALARIOS MINIMOS;NO;51,78;1;4;3;1
12;20121;M;2;GUADALAJARA DE BUGA;22;INACTIVIDAD ACADEMICA;DESERTOR;NO;0;MAS DE 4 Y MENOS DE 6 SALARIOS MINIMOS;NO;43;1;4;4;0
12;20121;M;6;TULUÁ;24;-;NO DESERTOR;NO;2;MAS DE 2 Y MENOS DE 4 SALARIOS MINIMOS;Si;53,73;0;9;8;1
12;20121;M;5;TULUÁ;23;-;NO DESERTOR;NO;0;MAS DE 2 Y MENOS DE 4 SALARIOS MINIMOS;NO;51,05;1;4;3;1
12;20121;M;5;TULUÁ;23;-;NO DESERTOR;NO;0;MAS DE 2 Y MENOS DE 4 SALARIOS MINIMOS;Si;58,46;0;6;5;1
12;20121;M;4;TULUÁ;24;-;NO DESERTOR;SI;0;MAS DE 2 Y MENOS DE 4 SALARIOS MINIMOS;NO;55,05;0;5;4;1
12;20121;M;3;TULUÁ;22;-;NO DESERTOR;NO;0;MAS DE 4 Y MENOS DE 6 SALARIOS MINIMOS;NO;49,97;1;6;5;1
12;20121;M;8;TULUÁ;24;-;NO DESERTOR;NO;0;MAS DE 6 Y MENOS DE 8 SALARIOS MINIMOS;Si;52,73;0;5;4;1
12;20192;M;1;TULUÁ;22;-;NO DESERTOR;SI;0;MAS DE 2 Y MENOS DE 4 SALARIOS MINIMOS;NO;54,66;1;5;4;1
12;20121;M;9;TULUÁ;31;-;NO DESERTOR;NO;1;NO DEFINIDO;NO;48,73;1;3;1;2
12;20121;M;11;TULUÁ;30;-;NO DESERTOR;NO;0;MAS DE 2 Y MENOS DE 4 SALARIOS MINIMOS;Si;52,2;0;6;5;1
12;20121;M;9;TULUÁ;25;-;NO DESERTOR;NO;1;MAS DE 2 Y MENOS DE 4 SALARIOS MINIMOS;NO;53,72;0;7;6;1
12;20121;M;10;TULUÁ;25;-;NO DESERTOR;NO;0;DOS SALARIOS MÍNIMOS O MENOS;Si;56,32;0;4;3;1
12;20121;M;7;GUADALAJARA DE BUGA;24;-;NO DESERTOR;NO;2;DOS SALARIOS MÍNIMOS O MENOS;NO;51,89;0;10;9;1
12;20121;M;8;TULUÁ;25;-;NO DESERTOR;NO;0;DOS SALARIOS MÍNIMOS O MENOS;NO;60,51;0;6;5;1
12;20121;M;7;GUADALAJARA DE BUGA;24;-;NO DESERTOR;NO;0;NO DEFINIDO;Si;50,95;0;7;6;1
12;20121;M;4;TULUÁ;21;-;NO DESERTOR;NO;0;MAS DE 2 Y MENOS DE 4 SALARIOS MINIMOS;NO;47,93;0;6;5;1
12;20121;M;3;TULUÁ;22;-;NO DESERTOR;NO;0;DOS SALARIOS MÍNIMOS O MENOS;NO;57,06;0;8;7;1
12;20121;M;2;TULUÁ;22;-;NO DESERTOR;NO;0;DOS SALARIOS MÍNIMOS O MENOS;NO;50,95;0;7;6;1
12;20192;M;1;TULUÁ;22;-;NO DESERTOR;NO;1;DOS SALARIOS MÍNIMOS O MENOS;NO;48,88;0;4;3;1
12;20121;M;4;TULUÁ;28;INACTIVIDAD ACADEMICA;DESERTOR;NO;0;DOS SALARIOS MÍNIMOS O MENOS;NO;43,56;2;2;1;1
12;20121;M;2;TULUÁ;23;-;NO DESERTOR;NO;0;MAS DE 4 Y MENOS DE 6 SALARIOS MINIMOS;NO;58,38;0;6;5;1
12;20121;M;2;TULUÁ;22;-;NO DESERTOR;NO;1;DOS SALARIOS MÍNIMOS O MENOS;NO;51,66;0;6;5;1
12;20121;M;9;ANDALUCÍA;25;-;NO DESERTOR;NO;0;MAS DE 2 Y MENOS DE 4 SALARIOS MINIMOS;Si;39,48;1;6;5;1
12;20121;M;3;BUGALAGRANDE;22;-;NO DESERTOR;NO;0;MAS DE 2 Y MENOS DE 4 SALARIOS MINIMOS;NO;55,73;0;5;4;1
12;20121;M;3;TULUÁ;22;-;NO DESERTOR;NO;1;DOS SALARIOS MÍNIMOS O MENOS;NO;53,39;0;8;7;1
12;20192;M;1;TULUÁ;22;-;NO DESERTOR;NO;0;NO DEFINIDO;NO;59,06;0;8;6;2
12;20121;M;8;GUADALAJARA DE BUGA;29;-;NO DESERTOR;NO;3;MAS DE 6 Y MENOS DE 8 SALARIOS MINIMOS;Si;48,94;0;5;4;1
12;20121;M;5;TULUÁ;26;-;NO DESERTOR;NO;0;MAS DE 2 Y MENOS DE 4 SALARIOS MINIMOS;Si;46,4;0;5;4;1
12;20121;M;3;TRUJILLO;22;-;NO DESERTOR;NO;0;MAS DE 2 Y MENOS DE 4 SALARIOS MINIMOS;NO;56,55;0;5;4;1
12;20121;M;3;TULUÁ;23;-;NO DESERTOR;NO;0;MAS DE 2 Y MENOS DE 4 SALARIOS MINIMOS;NO;52,14;1;6;5;1
12;20121;M;6;TULUÁ;23;-;NO DESERTOR;NO;1;MAS DE 2 Y MENOS DE 4 SALARIOS MINIMOS;Si;51,56;0;7;6;1
12;20121;M;3;TULUÁ;21;-;NO DESERTOR;NO;0;MAS DE 4 Y MENOS DE 6 SALARIOS MINIMOS;NO;50,95;0;8;6;2
12;20121;M;3;TULUÁ;23;-;NO DESERTOR;NO;2;MAS DE 4 Y MENOS DE 6 SALARIOS MINIMOS;NO;48,01;0;5;4;1
12;20121;M;2;GUADALAJARA DE BUGA;22;-;NO DESERTOR;NO;0;MAS DE 2 Y MENOS DE 4 SALARIOS MINIMOS;NO;58,87;1;7;5;2
12;20121;M;9;TULUÁ;28;-;NO DESERTOR;NO;0;NO DEFINIDO;Si;50,95;0;2;1;1
12;20121;M;2;TULUÁ;21;INACTIVIDAD ACADEMICA;DESERTOR;NO;0;MAS DE 4 Y MENOS DE 6 SALARIOS MINIMOS;NO;64,9;0;4;4;0
12;20121;M;7;TULUÁ;30;-;NO DESERTOR;NO;1;DOS SALARIOS MÍNIMOS O MENOS;NO;48,31;0;7;6;1
12;20121;M;3;ANDALUCÍA;23;-;NO DESERTOR;NO;0;DOS SALARIOS MÍNIMOS O MENOS;NO;61,27;1;5;4;1
12;20121;M;6;TULUÁ;25;-;NO DESERTOR;NO;0;MAS DE 2 Y MENOS DE 4 SALARIOS MINIMOS;Si;54,88;0;4;3;1
12;20121;M;6;TULUÁ;28;-;NO DESERTOR;NO;0;MAS DE 4 Y MENOS DE 6 SALARIOS MINIMOS;Si;52,97;0;6;5;1
12;20121;M;5;BUENAVENTURA;23;-;NO DESERTOR;NO;0;DOS SALARIOS MÍNIMOS O MENOS;NO;52,92;0;8;5;3
12;20121;M;3;TULUÁ;25;-;NO DESERTOR;NO;0;DOS SALARIOS MÍNIMOS O MENOS;NO;56,29;0;8;7;1
12;20121;F;5;GUADALAJARA DE BUGA;29;-;NO DESERTOR;NO;0;DOS SALARIOS MÍNIMOS O MENOS;NO;53,12;0;3;1;2
12;20121;F;5;TULUÁ;22;-;NO DESERTOR;NO;0;MAS DE 2 Y MENOS DE 4 SALARIOS MINIMOS;Si;61,49;1;6;5;1
12;20121;M;8;TULUÁ;27;-;NO DESERTOR;NO;0;MAS DE 2 Y MENOS DE 4 SALARIOS MINIMOS;Si;47,56;1;7;6;1
12;20121;M;5;BUGALAGRANDE;22;-;NO DESERTOR;NO;0;MAS DE 2 Y MENOS DE 4 SALARIOS MINIMOS;NO;41,51;1;5;4;1
12;20121;M;4;TULUÁ;22;-;NO DESERTOR;NO;0;DOS SALARIOS MÍNIMOS O MENOS;NO;63,8;0;5;4;1
12;20121;M;2;TULUÁ;21;-;NO DESERTOR;NO;2;DOS SALARIOS MÍNIMOS O MENOS;NO;50,95;0;8;7;1
12;20192;M;1;ANDALUCÍA;22;-;NO DESERTOR;NO;0;DOS SALARIOS MÍNIMOS O MENOS;NO;43,83;0;6;5;1
12;20121;M;4;TULUÁ;25;-;NO DESERTOR;NO;0;DOS SALARIOS MÍNIMOS O MENOS;NO;53,58;0;5;4;1
12;20121;M;6;ZANJÓN HONDO - GUADALAJARA DE BUGA;24;-;NO DESERTOR;NO;0;MAS DE 2 Y MENOS DE 4 SALARIOS MINIMOS;Si;54,32;0;4;3;1
12;20121;F;10;TULUÁ;27;-;NO DESERTOR;NO;2;DOS SALARIOS MÍNIMOS O MENOS;Si;47,44;0;8;7;1
12;20121;M;9;GUADALAJARA DE BUGA;26;-;NO DESERTOR;NO;1;MAS DE 2 Y MENOS DE 4 SALARIOS MINIMOS;Si;50,4;0;4;3;1
12;20121;F;10;GINEBRA;27;-;NO DESERTOR;NO;0;DOS SALARIOS MÍNIMOS O MENOS;Si;51,48;1;5;4;1
12;20121;F;6;BUENAVENTURA;23;-;NO DESERTOR;NO;0;DOS SALARIOS MÍNIMOS O MENOS;Si;49,99;0;8;7;1
12;20121;F;5;TULUÁ;24;-;NO DESERTOR;NO;3;DOS SALARIOS MÍNIMOS O MENOS;NO;47,81;0;5;4;1
12;20121;F;4;BUGALAGRANDE;22;-;NO DESERTOR;NO;0;MAS DE 4 Y MENOS DE 6 SALARIOS MINIMOS;NO;56,54;0;6;5;1
12;20121;F;4;GUADALAJARA DE BUGA;22;-;NO DESERTOR;NO;0;MAS DE 2 Y MENOS DE 4 SALARIOS MINIMOS;NO;58,2;0;4;3;1
12;20121;F;3;ROLDANILLO;26;-;NO DESERTOR;NO;0;MAS DE 4 Y MENOS DE 6 SALARIOS MINIMOS;NO;50,21;0;4;3;1
12;20121;F;2;TULUÁ;21;-;NO DESERTOR;NO;0;MAS DE 2 Y MENOS DE 4 SALARIOS MINIMOS;NO;75,77;0;7;6;1
12;20121;M;2;TULUÁ;21;-;NO DESERTOR;NO;0;MAS DE 2 Y MENOS DE 4 SALARIOS MINIMOS;NO;49,08;1;8;7;1
12;20121;F;5;TULUÁ;26;-;NO DESERTOR;NO;2;MAS DE 2 Y MENOS DE 4 SALARIOS MINIMOS;NO;37,24;1;5;4;1
12;20121;F;2;TULUÁ;22;-;NO DESERTOR;NO;2;DOS SALARIOS MÍNIMOS O MENOS;NO;51,61;1;5;4;1
12;20192;F;1;BUGALAGRANDE;24;INACTIVIDAD ACADEMICA;DESERTOR;NO;0;DOS SALARIOS MÍNIMOS O MENOS;NO;58,31;0;6;6;0
12;20121;F;4;TULUÁ;26;INACTIVIDAD ACADEMICA;DESERTOR;NO;1;MAS DE 6 Y MENOS DE 8 SALARIOS MINIMOS;NO;40,03;1;4;3;1
12;20121;M;9;GUADALAJARA DE BUGA;36;-;NO DESERTOR;NO;0;MAS DE 4 Y MENOS DE 6 SALARIOS MINIMOS;Si;45,74;4;3;2;1
12;20121;M;8;TULUÁ;26;-;NO DESERTOR;NO;0;DOS SALARIOS MÍNIMOS O MENOS;Si;53,45;0;5;4;1
12;20192;F;1;ANDALUCÍA;21;-;NO DESERTOR;NO;0;DOS SALARIOS MÍNIMOS O MENOS;NO;63,33;0;5;4;1
12;20121;F;2;TULUÁ;22;-;NO DESERTOR;NO;0;DOS SALARIOS MÍNIMOS O MENOS;NO;72,25;0;7;6;1
12;20121;M;10;TULUÁ;28;-;NO DESERTOR;NO;0;DOS SALARIOS MÍNIMOS O MENOS;Si;48,64;0;5;4;1
12;20121;F;4;TULUÁ;28;INACTIVIDAD ACADEMICA;DESERTOR;NO;2;DOS SALARIOS MÍNIMOS O MENOS;NO;42,36;0;7;6;1
12;20121;F;10;TULUÁ;29;-;NO DESERTOR;NO;0;MAS DE 4 Y MENOS DE 6 SALARIOS MINIMOS;Si;57,15;0;6;5;1
12;20121;F;10;TULUÁ;26;-;NO DESERTOR;NO;0;MAS DE 2 Y MENOS DE 4 SALARIOS MINIMOS;Si;45,84;0;6;5;1
12;20051;F;11;TULUÁ;38;-;NO DESERTOR;NO;0;NO DEFINIDO;Si;50,95;0;1;0;1
12;20121;F;9;GUADALAJARA DE BUGA;26;-;NO DESERTOR;NO;0;MAS DE 2 Y MENOS DE 4 SALARIOS MINIMOS;Si;53,73;0;5;4;1
12;20121;F;2;TULUÁ;21;-;NO DESERTOR;NO;0;NO DEFINIDO;NO;56,7;0;8;7;1
12;20121;F;10;TULUÁ;25;-;NO DESERTOR;NO;0;DOS SALARIOS MÍNIMOS O MENOS;Si;52,64;0;4;3;1
12;20121;F;4;ROLDANILLO;27;-;NO DESERTOR;NO;0;MAS DE 8 SALARIOS MINIMOS;NO;46,76;0;4;3;1
12;20121;F;10;TRUJILLO;25;-;NO DESERTOR;NO;0;DOS SALARIOS MÍNIMOS O MENOS;Si;51,24;0;7;6;1
12;20121;F;8;BUENAVENTURA;24;-;NO DESERTOR;NO;2;MAS DE 2 Y MENOS DE 4 SALARIOS MINIMOS;Si;56,97;0;7;6;1
12;20121;F;4;GUADALAJARA DE BUGA;22;-;NO DESERTOR;NO;0;DOS SALARIOS MÍNIMOS O MENOS;NO;47,5;0;6;5;1
12;20121;M;10;TULUÁ;31;-;NO DESERTOR;NO;3;DOS SALARIOS MÍNIMOS O MENOS;Si;50,77;0;8;7;1
12;20121;F;2;TULUÁ;21;-;NO DESERTOR;NO;0;MAS DE 4 Y MENOS DE 6 SALARIOS MINIMOS;NO;56,72;1;7;6;1
12;20192;M;1;GUADALAJARA DE BUGA;21;-;NO DESERTOR;NO;0;MAS DE 2 Y MENOS DE 4 SALARIOS MINIMOS;NO;52,65;0;7;6;1
12;20121;M;4;TULUÁ;23;-;NO DESERTOR;NO;0;DOS SALARIOS MÍNIMOS O MENOS;Si;60,95;0;6;5;1
12;20121;M;9;TULUÁ;29;-;NO DESERTOR;NO;0;MAS DE 2 Y MENOS DE 4 SALARIOS MINIMOS;Si;39,92;3;2;1;1
12;20121;M;5;SAN PEDRO;25;-;NO DESERTOR;NO;0;MAS DE 2 Y MENOS DE 4 SALARIOS MINIMOS;NO;45,13;0;4;3;1
12;20192;M;1;ANDALUCÍA;21;-;NO DESERTOR;NO;0;MAS DE 2 Y MENOS DE 4 SALARIOS MINIMOS;NO;59,02;0;6;5;1
12;20121;F;4;TRUJILLO;25;-;NO DESERTOR;NO;0;DOS SALARIOS MÍNIMOS O MENOS;Si;42,22;0;5;4;1
12;20121;F;1;CALI;26;-;NO DESERTOR;NO;0;MAS DE 2 Y MENOS DE 4 SALARIOS MINIMOS;Si;52,41;0;7;6;1
12;20121;F;7;ANDALUCÍA;23;-;NO DESERTOR;NO;2;NO DEFINIDO;NO;54,89;0;5;4;1
12;20121;F;4;TULUÁ;23;-;NO DESERTOR;NO;0;MAS DE 2 Y MENOS DE 4 SALARIOS MINIMOS;NO;48,45;0;5;3;2
12;20121;M;3;EL CERRITO;22;-;NO DESERTOR;NO;0;MAS DE 4 Y MENOS DE 6 SALARIOS MINIMOS;NO;49,7;1;6;5;1
12;20121;F;2;TULUÁ;22;-;NO DESERTOR;NO;0;NO DEFINIDO;NO;55,25;0;9;8;1
12;20121;F;10;TULUÁ;26;-;NO DESERTOR;NO;0;MAS DE 4 Y MENOS DE 6 SALARIOS MINIMOS;Si;53,08;0;5;4;1
12;20121;F;6;TULUÁ;24;-;NO DESERTOR;NO;0;DOS SALARIOS MÍNIMOS O MENOS;NO;55,79;0;8;7;1
12;20121;F;10;TULUÁ;29;-;NO DESERTOR;NO;0;NO DEFINIDO;Si;49,66;2;2;1;1
12;20121;F;10;TULUÁ;26;-;NO DESERTOR;NO;0;MAS DE 2 Y MENOS DE 4 SALARIOS MINIMOS;Si;59,4;0;5;4;1
12;20121;F;9;GUADALAJARA DE BUGA;26;-;NO DESERTOR;NO;0;MAS DE 6 Y MENOS DE 8 SALARIOS MINIMOS;Si;53,01;0;9;8;1
12;20121;F;4;TULUÁ;24;-;NO DESERTOR;NO;0;MAS DE 2 Y MENOS DE 4 SALARIOS MINIMOS;NO;60,99;0;5;4;1
12;20121;F;2;TULUÁ;22;-;NO DESERTOR;NO;0;DOS SALARIOS MÍNIMOS O MENOS;NO;57,55;1;8;7;1
12;20121;F;2;AGUACLARA - TULUÁ;23;-;NO DESERTOR;NO;0;MAS DE 2 Y MENOS DE 4 SALARIOS MINIMOS;NO;41,67;1;6;5;1
12;20192;F;1;TULUÁ;22;-;NO DESERTOR;NO;0;MAS DE 2 Y MENOS DE 4 SALARIOS MINIMOS;NO;61,62;0;9;5;4
12;20192;F;1;TULUÁ;20;-;NO DESERTOR;NO;0;MAS DE 2 Y MENOS DE 4 SALARIOS MINIMOS;NO;58,54;0;6;5;1
12;20121;F;10;TULUÁ;26;-;NO DESERTOR;NO;0;DOS SALARIOS MÍNIMOS O MENOS;Si;55,76;0;7;6;1
12;20121;F;5;TULUÁ;28;-;NO DESERTOR;NO;0;DOS SALARIOS MÍNIMOS O MENOS;NO;37,8;0;7;6;1
12;20121;F;4;TULUÁ;27;INACTIVIDAD ACADEMICA;DESERTOR;NO;0;MAS DE 2 Y MENOS DE 4 SALARIOS MINIMOS;NO;43,32;1;3;2;1
12;20192;F;1;GUADALAJARA DE BUGA;21;-;NO DESERTOR;NO;0;MAS DE 2 Y MENOS DE 4 SALARIOS MINIMOS;NO;54,67;0;7;6;1
12;20192;F;1;TULUÁ;21;-;NO DESERTOR;NO;0;DOS SALARIOS MÍNIMOS O MENOS;NO;58,07;0;7;6;1
12;20121;F;4;GUADALAJARA DE BUGA;27;INACTIVIDAD ACADEMICA;DESERTOR;NO;0;DOS SALARIOS MÍNIMOS O MENOS;NO;54,8;0;7;6;1
12;20121;F;5;ANDALUCÍA;26;-;NO DESERTOR;NO;0;DOS SALARIOS MÍNIMOS O MENOS;NO;37,4;1;8;8;0
12;20121;M;6;RIOFRÍO;33;-;NO DESERTOR;SI;0;MAS DE 2 Y MENOS DE 4 SALARIOS MINIMOS;NO;47,76;1;6;5;1
12;20192;F;1;TULUÁ;22;-;NO DESERTOR;NO;0;MAS DE 2 Y MENOS DE 4 SALARIOS MINIMOS;NO;46,07;0;6;5;1
12;20121;M;3;BUGALAGRANDE;28;-;NO DESERTOR;NO;0;DOS SALARIOS MÍNIMOS O MENOS;NO;49,16;1;5;4;1
12;20121;F;3;GUADALAJARA DE BUGA;24;-;NO DESERTOR;NO;1;DOS SALARIOS MÍNIMOS O MENOS;NO;45,83;1;7;6;1
12;20121;F;5;ANDALUCÍA;27;-;NO DESERTOR;NO;0;DOS SALARIOS MÍNIMOS O MENOS;NO;42,41;0;6;5;1
12;20121;F;2;BUGALAGRANDE;22;-;NO DESERTOR;NO;1;DOS SALARIOS MÍNIMOS O MENOS;NO;49,87;1;5;4;1
12;20121;F;6;TULUÁ;23;-;NO DESERTOR;NO;0;DOS SALARIOS MÍNIMOS O MENOS;NO;44,75;0;5;4;1
12;20192;M;1;TULUÁ;20;-;NO DESERTOR;NO;2;MAS DE 2 Y MENOS DE 4 SALARIOS MINIMOS;NO;62,22;0;5;4;1
12;20121;M;11;GUADALAJARA DE BUGA;28;-;NO DESERTOR;NO;0;DOS SALARIOS MÍNIMOS O MENOS;Si;41,49;1;2;1;1
12;20121;M;4;TULUÁ;23;INACTIVIDAD ACADEMICA;DESERTOR;NO;0;MAS DE 2 Y MENOS DE 4 SALARIOS MINIMOS;NO;65,39;0;4;3;1
12;20121;M;2;TULUÁ;22;INACTIVIDAD ACADEMICA;DESERTOR;NO;0;MAS DE 2 Y MENOS DE 4 SALARIOS MINIMOS;NO;47,47;1;8;7;1
12;20121;F;5;TULUÁ;29;-;NO DESERTOR;NO;0;NO DEFINIDO;Si;40;3;2;1;1
12;20121;F;6;BUGALAGRANDE;25;-;NO DESERTOR;NO;0;DOS SALARIOS MÍNIMOS O MENOS;NO;51,09;0;5;4;1
12;20121;F;5;ANDALUCÍA;24;-;NO DESERTOR;NO;0;DOS SALARIOS MÍNIMOS O MENOS;NO;67,5;0;6;5;1
12;20192;F;1;TULUÁ;21;-;NO DESERTOR;NO;1;NO DEFINIDO;NO;43,35;1;6;5;1
12;20121;F;3;TULUÁ;23;-;NO DESERTOR;NO;0;DOS SALARIOS MÍNIMOS O MENOS;NO;58,43;0;7;6;1
12;20121;F;2;TULUÁ;21;-;NO DESERTOR;NO;0;DOS SALARIOS MÍNIMOS O MENOS;NO;64,81;0;8;7;1
12;20121;M;2;ANDALUCÍA;20;-;NO DESERTOR;NO;0;MAS DE 2 Y MENOS DE 4 SALARIOS MINIMOS;NO;47,95;0;6;5;1
12;20121;F;3;TULUÁ;21;-;NO DESERTOR;NO;0;DOS SALARIOS MÍNIMOS O MENOS;NO;42,9;0;4;3;1
12;20121;M;9;TULUÁ;36;-;NO DESERTOR;NO;0;NO DEFINIDO;Si;46,88;0;2;1;1
12;20121;M;5;TULUÁ;23;-;NO DESERTOR;NO;0;MAS DE 2 Y MENOS DE 4 SALARIOS MINIMOS;NO;61,42;1;6;5;1
12;20121;M;5;TRUJILLO;23;-;NO DESERTOR;NO;0;MAS DE 2 Y MENOS DE 4 SALARIOS MINIMOS;NO;54,77;1;6;5;1
12;20121;F;6;TULUÁ;23;-;NO DESERTOR;NO;0;DOS SALARIOS MÍNIMOS O MENOS;NO;48,31;0;6;5;1
12;20121;M;9;TULUÁ;28;-;NO DESERTOR;NO;0;NO DEFINIDO;Si;56,83;1;2;1;1
12;20121;M;9;BUENAVENTURA;27;INACTIVIDAD ACADEMICA;DESERTOR;NO;0;MAS DE 2 Y MENOS DE 4 SALARIOS MINIMOS;NO;46,2;0;2;1;1
12;20192;M;1;GUADALAJARA DE BUGA;21;-;NO DESERTOR;NO;0;MAS DE 2 Y MENOS DE 4 SALARIOS MINIMOS;NO;50,95;0;1;0;1
12;20121;M;8;GUADALAJARA DE BUGA;24;-;NO DESERTOR;NO;0;MAS DE 6 Y MENOS DE 8 SALARIOS MINIMOS;NO;55,22;0;5;4;1
12;20121;M;8;TULUÁ;25;-;NO DESERTOR;NO;0;MAS DE 2 Y MENOS DE 4 SALARIOS MINIMOS;NO;68,13;0;3;2;1
12;20121;M;4;TULUÁ;22;-;NO DESERTOR;NO;0;DOS SALARIOS MÍNIMOS O MENOS;NO;55,68;0;5;4;1
12;20121;M;3;TULUÁ;21;-;NO DESERTOR;NO;0;MAS DE 6 Y MENOS DE 8 SALARIOS MINIMOS;NO;54,94;1;4;4;0
12;20121;M;3;ANDALUCÍA;22;-;NO DESERTOR;NO;0;DOS SALARIOS MÍNIMOS O MENOS;NO;56,26;0;6;4;2
12;20121;M;8;TULUÁ;28;-;NO DESERTOR;NO;0;MAS DE 2 Y MENOS DE 4 SALARIOS MINIMOS;NO;40;0;4;3;1
12;20121;M;10;TULUÁ;27;-;NO DESERTOR;NO;1;DOS SALARIOS MÍNIMOS O MENOS;Si;57,72;0;8;7;1
12;20121;F;6;TULUÁ;24;-;NO DESERTOR;SI;2;MAS DE 2 Y MENOS DE 4 SALARIOS MINIMOS;NO;54,97;0;6;5;1
12;20121;F;10;BUGALAGRANDE;25;-;NO DESERTOR;NO;1;MAS DE 2 Y MENOS DE 4 SALARIOS MINIMOS;Si;49,84;0;5;4;1
12;20121;M;6;GINEBRA;23;-;NO DESERTOR;NO;0;DOS SALARIOS MÍNIMOS O MENOS;NO;59,83;0;6;5;1
12;20121;M;4;TULUÁ;23;-;NO DESERTOR;NO;1;DOS SALARIOS MÍNIMOS O MENOS;NO;55,91;0;5;4;1
12;20121;M;4;TULUÁ;27;-;NO DESERTOR;NO;0;DOS SALARIOS MÍNIMOS O MENOS;NO;48,08;0;2;1;1
12;20121;M;3;ANDALUCÍA;27;-;NO DESERTOR;NO;0;MAS DE 2 Y MENOS DE 4 SALARIOS MINIMOS;NO;43,34;1;4;3;1
12;20192;M;1;BUGALAGRANDE;20;-;NO DESERTOR;NO;0;MAS DE 2 Y MENOS DE 4 SALARIOS MINIMOS;NO;52,89;0;6;5;1
12;20121;M;4;LA DORADA;27;INACTIVIDAD ACADEMICA;DESERTOR;NO;0;DOS SALARIOS MÍNIMOS O MENOS;NO;53,18;0;8;6;2
12;20121;M;4;CALI;24;-;NO DESERTOR;NO;0;MAS DE 4 Y MENOS DE 6 SALARIOS MINIMOS;NO;52,27;0;7;6;1
12;20121;F;4;TULUÁ;23;-;NO DESERTOR;NO;0;MAS DE 2 Y MENOS DE 4 SALARIOS MINIMOS;NO;51,45;0;5;4;1
12;20121;F;5;TULUÁ;24;-;NO DESERTOR;NO;0;MAS DE 2 Y MENOS DE 4 SALARIOS MINIMOS;NO;46,54;0;4;3;1
12;20121;F;1;TULUÁ;28;-;NO DESERTOR;NO;0;MAS DE 2 Y MENOS DE 4 SALARIOS MINIMOS;NO;45;0;2;1;1
12;20121;F;7;TULUÁ;25;-;NO DESERTOR;NO;0;DOS SALARIOS MÍNIMOS O MENOS;NO;53,98;0;8;7;1
12;20121;M;4;GUADALAJARA DE BUGA;23;-;NO DESERTOR;NO;0;MAS DE 2 Y MENOS DE 4 SALARIOS MINIMOS;NO;58,09;0;5;4;1
12;20121;M;7;TULUÁ;26;-;NO DESERTOR;NO;0;MAS DE 6 Y MENOS DE 8 SALARIOS MINIMOS;NO;46,06;0;3;2;1
12;20121;F;10;TULUÁ;26;-;NO DESERTOR;NO;0;MAS DE 2 Y MENOS DE 4 SALARIOS MINIMOS;NO;52,16;0;8;7;1
12;20121;F;7;BUGALAGRANDE;24;-;NO DESERTOR;NO;0;MAS DE 2 Y MENOS DE 4 SALARIOS MINIMOS;NO;56,3;0;4;3;1
12;20121;F;5;TULUÁ;22;-;NO DESERTOR;NO;0;DOS SALARIOS MÍNIMOS O MENOS;NO;48,03;0;4;3;1
12;20121;F;4;TULUÁ;24;-;NO DESERTOR;NO;0;MAS DE 6 Y MENOS DE 8 SALARIOS MINIMOS;NO;54,97;0;4;3;1
12;20121;F;4;TULUÁ;22;-;NO DESERTOR;NO;0;MAS DE 6 Y MENOS DE 8 SALARIOS MINIMOS;NO;52,04;0;5;4;1
12;20121;F;4;TULUÁ;23;-;NO DESERTOR;NO;0;DOS SALARIOS MÍNIMOS O MENOS;NO;64,81;0;4;3;1
12;20121;F;2;TULUÁ;22;-;NO DESERTOR;NO;0;DOS SALARIOS MÍNIMOS O MENOS;NO;57,26;0;5;4;1
12;20121;F;2;ANDALUCÍA;21;-;NO DESERTOR;NO;0;DOS SALARIOS MÍNIMOS O MENOS;NO;56,72;1;8;7;1
12;20121;F;3;SAN PEDRO;25;-;NO DESERTOR;NO;0;DOS SALARIOS MÍNIMOS O MENOS;NO;45,05;1;5;4;1
12;20121;F;2;TULUÁ;25;-;NO DESERTOR;NO;2;MAS DE 4 Y MENOS DE 6 SALARIOS MINIMOS;NO;50,95;0;7;4;3
12;20121;F;6;TULUÁ;25;-;NO DESERTOR;NO;0;MAS DE 2 Y MENOS DE 4 SALARIOS MINIMOS;NO;48,93;0;4;3;1
12;20121;F;4;TULUÁ;22;-;NO DESERTOR;NO;0;DOS SALARIOS MÍNIMOS O MENOS;NO;47,65;0;5;4;1
12;20121;F;3;GUACARÍ;21;-;NO DESERTOR;NO;1;DOS SALARIOS MÍNIMOS O MENOS;NO;65,02;0;8;6;2
12;20192;F;1;TULUÁ;23;-;NO DESERTOR;NO;0;DOS SALARIOS MÍNIMOS O MENOS;NO;60,55;0;6;5;1
12;20121;F;8;ANDALUCÍA;24;-;NO DESERTOR;NO;0;DOS SALARIOS MÍNIMOS O MENOS;NO;54,67;0;10;9;1
12;20192;F;1;TULUÁ;21;-;NO DESERTOR;NO;2;MAS DE 2 Y MENOS DE 4 SALARIOS MINIMOS;NO;55,79;0;7;6;1
12;20121;F;3;ANDALUCÍA;25;-;NO DESERTOR;NO;0;DOS SALARIOS MÍNIMOS O MENOS;NO;43,04;1;6;5;1
12;20121;F;4;TULUÁ;24;-;NO DESERTOR;NO;0;DOS SALARIOS MÍNIMOS O MENOS;NO;49,68;1;6;5;1
12;20121;M;5;ANDALUCÍA;23;-;NO DESERTOR;NO;2;MAS DE 2 Y MENOS DE 4 SALARIOS MINIMOS;NO;43,72;0;6;5;1
12;20121;M;4;TULUÁ;22;-;NO DESERTOR;NO;0;MAS DE 2 Y MENOS DE 4 SALARIOS MINIMOS;Si;55,31;0;7;5;2
12;20121;M;5;GUADALAJARA DE BUGA;31;-;NO DESERTOR;NO;1;MAS DE 2 Y MENOS DE 4 SALARIOS MINIMOS;NO;43,03;0;2;1;1
12;20121;F;5;TULUÁ;24;-;NO DESERTOR;NO;0;MAS DE 2 Y MENOS DE 4 SALARIOS MINIMOS;Si;44,13;0;6;5;1
12;20121;F;4;TULUÁ;26;-;NO DESERTOR;NO;2;DOS SALARIOS MÍNIMOS O MENOS;NO;44,32;1;8;7;1
12;20121;M;7;TULUÁ;27;-;NO DESERTOR;NO;2;DOS SALARIOS MÍNIMOS O MENOS;NO;47,2;0;4;3;1
11;20121;M;4;TULUÁ;40;-;NO DESERTOR;SI;1;MAS DE 2 Y MENOS DE 4 SALARIOS MINIMOS;NO;56,52;1;7;6;1
11;20121;F;11;TULUÁ;27;-;NO DESERTOR;NO;0;MAS DE 2 Y MENOS DE 4 SALARIOS MINIMOS;NO;52,6;0;5;4;1
11;20121;F;9;TULUÁ;26;-;NO DESERTOR;NO;0;MAS DE 2 Y MENOS DE 4 SALARIOS MINIMOS;NO;60,32;0;7;6;1
11;20121;M;4;TULUÁ;26;INACTIVIDAD ACADEMICA;DESERTOR;NO;0;DOS SALARIOS MÍNIMOS O MENOS;NO;59,41;1;5;4;1
11;20121;M;3;TULUÁ;23;-;NO DESERTOR;NO;2;MAS DE 2 Y MENOS DE 4 SALARIOS MINIMOS;NO;52,71;0;4;3;1
11;20121;M;10;TULUÁ;27;-;NO DESERTOR;NO;0;MAS DE 4 Y MENOS DE 6 SALARIOS MINIMOS;Si;44,76;1;2;1;1
11;20121;M;5;TULUÁ;25;INACTIVIDAD ACADEMICA;DESERTOR;NO;0;MAS DE 4 Y MENOS DE 6 SALARIOS MINIMOS;NO;45,52;1;8;7;1
11;20121;M;10;TULUÁ;28;-;NO DESERTOR;NO;0;MAS DE 8 SALARIOS MINIMOS;Si;43,72;0;7;6;1
11;20121;F;6;TULUÁ;24;-;NO DESERTOR;NO;0;MAS DE 2 Y MENOS DE 4 SALARIOS MINIMOS;Si;52,66;0;6;5;1
11;20121;F;9;TULUÁ;26;-;NO DESERTOR;NO;2;DOS SALARIOS MÍNIMOS O MENOS;NO;54,32;0;7;6;1
11;20121;M;1;TULUÁ;21;-;NO DESERTOR;NO;0;DOS SALARIOS MÍNIMOS O MENOS;NO;58,12;1;6;5;1
11;20121;M;6;TULUÁ;25;-;NO DESERTOR;NO;0;MAS DE 6 Y MENOS DE 8 SALARIOS MINIMOS;Si;52,9;0;7;6;1
11;20121;M;6;TULUÁ;28;-;NO DESERTOR;NO;0;MAS DE 4 Y MENOS DE 6 SALARIOS MINIMOS;Si;48,44;1;5;4;1
11;20121;F;4;ANDALUCÍA;24;-;NO DESERTOR;NO;0;DOS SALARIOS MÍNIMOS O MENOS;NO;38,19;0;7;5;2
11;20121;F;2;BUGALAGRANDE;22;-;NO DESERTOR;NO;1;MAS DE 2 Y MENOS DE 4 SALARIOS MINIMOS;NO;42,97;1;4;4;0
11;20121;F;8;TULUÁ;25;-;NO DESERTOR;NO;0;MAS DE 2 Y MENOS DE 4 SALARIOS MINIMOS;Si;55,08;0;6;5;1
11;20121;F;10;TULUÁ;26;-;NO DESERTOR;NO;0;MAS DE 4 Y MENOS DE 6 SALARIOS MINIMOS;Si;48,4;0;4;3;1
11;20121;F;5;TULUÁ;24;-;NO DESERTOR;NO;0;MAS DE 2 Y MENOS DE 4 SALARIOS MINIMOS;Si;55,64;0;6;5;1
11;20121;F;8;TULUÁ;27;-;NO DESERTOR;NO;0;MAS DE 2 Y MENOS DE 4 SALARIOS MINIMOS;Si;61,2;0;8;7;1
11;20121;F;7;TULUÁ;27;-;NO DESERTOR;SI;1;MAS DE 2 Y MENOS DE 4 SALARIOS MINIMOS;NO;54,43;0;5;4;1
11;20121;M;7;TULUÁ;25;-;NO DESERTOR;NO;0;MAS DE 2 Y MENOS DE 4 SALARIOS MINIMOS;Si;61,96;0;5;4;1
11;20121;M;2;TULUÁ;26;-;NO DESERTOR;NO;0;DOS SALARIOS MÍNIMOS O MENOS;NO;43,57;1;8;7;1
11;20121;M;11;TULUÁ;26;-;NO DESERTOR;NO;0;MAS DE 4 Y MENOS DE 6 SALARIOS MINIMOS;Si;54,6;0;7;6;1
11;20121;M;2;TULUÁ;23;-;NO DESERTOR;NO;0;MAS DE 2 Y MENOS DE 4 SALARIOS MINIMOS;NO;62,9;1;6;5;1
11;20121;M;3;BUGALAGRANDE;27;-;NO DESERTOR;NO;0;DOS SALARIOS MÍNIMOS O MENOS;NO;46,81;1;9;7;2
11;20121;M;4;TULUÁ;27;-;NO DESERTOR;SI;1;MAS DE 2 Y MENOS DE 4 SALARIOS MINIMOS;Si;51,95;0;5;4;1
11;20121;M;2;BUGALAGRANDE;23;-;NO DESERTOR;NO;2;MAS DE 2 Y MENOS DE 4 SALARIOS MINIMOS;NO;52,72;1;6;5;1
11;20121;M;11;TULUÁ;30;-;NO DESERTOR;NO;0;MAS DE 2 Y MENOS DE 4 SALARIOS MINIMOS;Si;53,94;1;5;4;1
11;20121;M;9;TRUJILLO;26;-;NO DESERTOR;NO;0;MAS DE 2 Y MENOS DE 4 SALARIOS MINIMOS;Si;56,24;0;7;6;1
11;20121;M;8;TULUÁ;28;-;NO DESERTOR;NO;0;DOS SALARIOS MÍNIMOS O MENOS;Si;49,26;0;9;8;1
11;20051;F;10;ANDALUCÍA;34;-;NO DESERTOR;NO;0;NO DEFINIDO;NO;50,95;0;1;0;1
11;20121;F;11;ANDALUCÍA;25;-;NO DESERTOR;NO;0;MAS DE 2 Y MENOS DE 4 SALARIOS MINIMOS;NO;51,76;0;5;4;1
11;20121;F;11;TULUÁ;32;-;NO DESERTOR;NO;0;MAS DE 2 Y MENOS DE 4 SALARIOS MINIMOS;NO;42,17;1;5;4;1
11;20121;F;3;BUGALAGRANDE;24;-;NO DESERTOR;NO;0;MAS DE 2 Y MENOS DE 4 SALARIOS MINIMOS;NO;68,93;0;3;2;1
11;20121;M;8;ANDALUCÍA;27;-;NO DESERTOR;NO;0;DOS SALARIOS MÍNIMOS O MENOS;Si;50,95;0;1;0;1
11;20121;M;3;ANDALUCÍA;29;-;NO DESERTOR;NO;0;MAS DE 2 Y MENOS DE 4 SALARIOS MINIMOS;NO;57,2;0;4;3;1
11;20121;M;3;TULUÁ;25;-;NO DESERTOR;NO;0;MAS DE 2 Y MENOS DE 4 SALARIOS MINIMOS;NO;52,33;0;5;4;1
11;20121;M;10;TULUÁ;26;-;NO DESERTOR;NO;0;DOS SALARIOS MÍNIMOS O MENOS;Si;54,56;0;7;6;1
11;20121;M;5;BUENAVENTURA;25;-;NO DESERTOR;NO;0;MAS DE 2 Y MENOS DE 4 SALARIOS MINIMOS;NO;46,95;1;5;4;1
11;20121;M;1;GUADALAJARA DE BUGA;22;-;NO DESERTOR;NO;0;DOS SALARIOS MÍNIMOS O MENOS;NO;60,19;0;6;5;1
11;20121;F;9;TULUÁ;25;-;NO DESERTOR;NO;1;DOS SALARIOS MÍNIMOS O MENOS;NO;57,92;0;8;7;1
11;20121;F;2;TULUÁ;22;-;NO DESERTOR;NO;0;NO DEFINIDO;NO;55,06;0;9;8;1
11;20121;F;1;SAN PEDRO;26;-;NO DESERTOR;NO;0;DOS SALARIOS MÍNIMOS O MENOS;NO;43,1;1;6;4;2
11;20121;F;1;ANDALUCÍA;21;-;NO DESERTOR;NO;0;MAS DE 2 Y MENOS DE 4 SALARIOS MINIMOS;NO;49,02;1;7;7;0
11;20121;M;8;BUGALAGRANDE;27;-;NO DESERTOR;NO;0;DOS SALARIOS MÍNIMOS O MENOS;Si;50;1;6;5;1
11;20121;F;9;TULUÁ;25;-;NO DESERTOR;NO;0;MAS DE 2 Y MENOS DE 4 SALARIOS MINIMOS;Si;59,12;0;5;4;1
11;20121;M;5;TULUÁ;24;-;NO DESERTOR;NO;1;DOS SALARIOS MÍNIMOS O MENOS;NO;51,17;0;4;3;1
11;20121;M;9;TULUÁ;27;-;NO DESERTOR;NO;0;MAS DE 4 Y MENOS DE 6 SALARIOS MINIMOS;Si;54,16;0;7;6;1
11;20121;F;2;TULUÁ;25;-;NO DESERTOR;NO;1;MAS DE 2 Y MENOS DE 4 SALARIOS MINIMOS;NO;40,27;1;4;3;1
11;20121;F;11;TULUÁ;31;-;NO DESERTOR;NO;0;DOS SALARIOS MÍNIMOS O MENOS;Si;46,78;2;3;2;1
11;20121;F;5;BUGALAGRANDE;26;-;NO DESERTOR;NO;0;DOS SALARIOS MÍNIMOS O MENOS;Si;51,44;1;6;5;1
11;20121;F;5;TULUÁ;24;-;NO DESERTOR;NO;2;DOS SALARIOS MÍNIMOS O MENOS;Si;48,41;0;7;6;1
11;20121;F;1;EL CERRITO;28;-;NO DESERTOR;NO;0;MAS DE 2 Y MENOS DE 4 SALARIOS MINIMOS;NO;44,44;1;5;4;1
11;20121;F;9;TRUJILLO;28;-;NO DESERTOR;NO;0;DOS SALARIOS MÍNIMOS O MENOS;Si;49,24;0;7;6;1
11;20121;F;9;TULUÁ;25;-;NO DESERTOR;NO;0;MAS DE 2 Y MENOS DE 4 SALARIOS MINIMOS;Si;60,28;0;4;3;1
11;20121;M;9;TULUÁ;30;-;NO DESERTOR;NO;0;MAS DE 4 Y MENOS DE 6 SALARIOS MINIMOS;NO;45,69;1;2;1;1
11;20121;M;4;TULUÁ;30;INACTIVIDAD ACADEMICA;DESERTOR;NO;0;MAS DE 2 Y MENOS DE 4 SALARIOS MINIMOS;NO;47,54;3;2;1;1
11;20121;M;3;GUADALAJARA DE BUGA;25;-;NO DESERTOR;NO;2;DOS SALARIOS MÍNIMOS O MENOS;NO;48,4;1;5;4;1
11;20121;M;9;AIPE;31;-;NO DESERTOR;NO;0;DOS SALARIOS MÍNIMOS O MENOS;Si;49,26;0;2;1;1
11;20121;M;1;TULUÁ;22;-;NO DESERTOR;NO;2;MAS DE 2 Y MENOS DE 4 SALARIOS MINIMOS;NO;56,66;1;7;6;1
11;20121;F;1;TULUÁ;22;-;NO DESERTOR;NO;1;DOS SALARIOS MÍNIMOS O MENOS;NO;50,95;0;5;4;1
11;20121;F;7;TULUÁ;24;-;NO DESERTOR;NO;0;MAS DE 6 Y MENOS DE 8 SALARIOS MINIMOS;NO;56,69;0;5;4;1
11;20121;M;2;GUADALAJARA DE BUGA;23;-;NO DESERTOR;NO;2;DOS SALARIOS MÍNIMOS O MENOS;NO;55,24;1;4;3;1
11;20121;M;10;TULUÁ;26;INACTIVIDAD ACADEMICA;DESERTOR;NO;0;DOS SALARIOS MÍNIMOS O MENOS;NO;42,32;1;8;7;1
11;20121;M;8;TULUÁ;26;-;NO DESERTOR;NO;1;MAS DE 2 Y MENOS DE 4 SALARIOS MINIMOS;NO;50,84;0;6;5;1
11;20121;F;1;SAN PEDRO;22;-;NO DESERTOR;NO;0;DOS SALARIOS MÍNIMOS O MENOS;NO;52,28;0;9;8;1
11;20121;F;2;TULUÁ;24;INACTIVIDAD ACADEMICA;DESERTOR;NO;0;DOS SALARIOS MÍNIMOS O MENOS;NO;46,71;4;2;1;1
11;20121;M;1;TULUÁ;30;-;NO DESERTOR;NO;0;MAS DE 2 Y MENOS DE 4 SALARIOS MINIMOS;NO;42,08;1;2;1;1
11;20121;F;2;TULUÁ;23;-;NO DESERTOR;NO;0;DOS SALARIOS MÍNIMOS O MENOS;NO;48,49;1;5;4;1
11;20121;M;2;BUGALAGRANDE;22;INACTIVIDAD ACADEMICA;DESERTOR;NO;2;DOS SALARIOS MÍNIMOS O MENOS;NO;45,07;1;5;5;0
11;20121;F;1;TULUÁ;26;-;NO DESERTOR;SI;0;DOS SALARIOS MÍNIMOS O MENOS;NO;48,29;0;5;4;1
11;20121;F;2;TULUÁ;25;-;NO DESERTOR;NO;0;MAS DE 2 Y MENOS DE 4 SALARIOS MINIMOS;NO;58,51;0;7;6;1
11;20091;M;9;TULUÁ;29;-;NO DESERTOR;NO;0;NO DEFINIDO;Si;48,16;3;1;1;0
11;20121;M;4;TULUÁ;28;INACTIVIDAD ACADEMICA;DESERTOR;NO;0;NO DEFINIDO;NO;37,8;2;2;1;1
11;20121;M;3;GUACARÍ;27;INACTIVIDAD ACADEMICA;DESERTOR;NO;0;MAS DE 2 Y MENOS DE 4 SALARIOS MINIMOS;NO;54,83;1;4;3;1
11;20121;M;9;TULUÁ;28;-;NO DESERTOR;NO;2;DOS SALARIOS MÍNIMOS O MENOS;NO;50,4;0;4;3;1
11;20121;M;5;GUADALAJARA DE BUGA;24;-;NO DESERTOR;NO;1;MAS DE 4 Y MENOS DE 6 SALARIOS MINIMOS;Si;60,39;0;6;5;1
11;20121;M;1;BUENAVENTURA;44;-;NO DESERTOR;NO;0;NO DEFINIDO;NO;50,95;0;1;0;1
11;20121;M;11;TULUÁ;28;-;NO DESERTOR;NO;0;DOS SALARIOS MÍNIMOS O MENOS;NO;56,8;1;6;5;1
11;20121;M;9;TULUÁ;25;-;NO DESERTOR;NO;1;DOS SALARIOS MÍNIMOS O MENOS;Si;49,12;0;7;6;1
11;20121;F;7;TULUÁ;24;-;NO DESERTOR;NO;0;DOS SALARIOS MÍNIMOS O MENOS;NO;59,71;0;6;5;1
11;20121;F;2;TULUÁ;23;-;NO DESERTOR;NO;0;MAS DE 2 Y MENOS DE 4 SALARIOS MINIMOS;NO;54,72;0;5;4;1
11;20121;F;3;RIOFRÍO;25;-;NO DESERTOR;NO;0;MAS DE 2 Y MENOS DE 4 SALARIOS MINIMOS;NO;41,75;0;5;4;1
11;20121;F;4;TULUÁ;23;-;NO DESERTOR;NO;0;DOS SALARIOS MÍNIMOS O MENOS;NO;50,12;0;7;6;1
11;20121;F;2;TULUÁ;22;-;NO DESERTOR;NO;1;DOS SALARIOS MÍNIMOS O MENOS;NO;58,65;0;7;6;1
11;20121;F;3;TULUÁ;22;-;NO DESERTOR;NO;0;MAS DE 2 Y MENOS DE 4 SALARIOS MINIMOS;NO;55,15;0;5;4;1
11;20121;F;3;TULUÁ;24;-;NO DESERTOR;NO;0;MAS DE 4 Y MENOS DE 6 SALARIOS MINIMOS;NO;49,56;0;5;4;1
11;20121;F;1;TULUÁ;21;-;NO DESERTOR;NO;0;MAS DE 2 Y MENOS DE 4 SALARIOS MINIMOS;NO;51,93;0;6;4;2
11;20121;M;11;TULUÁ;28;-;NO DESERTOR;NO;0;NO DEFINIDO;Si;50,95;0;1;0;1
11;20121;M;9;GUADALAJARA DE BUGA;29;-;NO DESERTOR;NO;1;DOS SALARIOS MÍNIMOS O MENOS;NO;66,44;0;2;1;1
11;20121;M;4;ANDALUCÍA;23;-;NO DESERTOR;NO;0;MAS DE 2 Y MENOS DE 4 SALARIOS MINIMOS;NO;58,51;1;3;2;1
11;20121;M;10;TULUÁ;31;-;NO DESERTOR;NO;0;MAS DE 2 Y MENOS DE 4 SALARIOS MINIMOS;Si;46,17;1;6;5;1
11;20121;M;3;BUENAVENTURA;24;-;NO DESERTOR;NO;0;NO DEFINIDO;NO;57,15;0;6;5;1
11;20121;M;4;PALMIRA;26;-;NO DESERTOR;NO;0;MAS DE 4 Y MENOS DE 6 SALARIOS MINIMOS;NO;46,24;0;9;6;3
11;20121;F;8;TULUÁ;27;-;NO DESERTOR;SI;0;DOS SALARIOS MÍNIMOS O MENOS;NO;48,4;0;7;6;1
11;20121;F;3;TULUÁ;26;-;NO DESERTOR;NO;0;MAS DE 2 Y MENOS DE 4 SALARIOS MINIMOS;NO;48,38;0;6;4;2
11;20121;F;3;TULUÁ;26;-;NO DESERTOR;NO;1;DOS SALARIOS MÍNIMOS O MENOS;NO;42,76;1;4;3;1
11;20121;M;1;BUENAVENTURA;22;INACTIVIDAD ACADEMICA;DESERTOR;NO;0;DOS SALARIOS MÍNIMOS O MENOS;NO;48,11;1;6;5;1
11;20121;M;2;TULUÁ;23;-;NO DESERTOR;NO;0;NO DEFINIDO;NO;53,06;1;8;7;1
11;20121;M;5;TULUÁ;25;-;NO DESERTOR;NO;2;MAS DE 2 Y MENOS DE 4 SALARIOS MINIMOS;NO;53,16;0;5;4;1
11;20121;M;3;GUADALAJARA DE BUGA;23;-;NO DESERTOR;NO;1;MAS DE 2 Y MENOS DE 4 SALARIOS MINIMOS;NO;65,44;0;6;4;2
11;20121;M;10;ANDALUCÍA;27;-;NO DESERTOR;NO;1;DOS SALARIOS MÍNIMOS O MENOS;Si;50,28;1;2;1;1
11;20192;M;1;TULUÁ;22;-;NO DESERTOR;NO;0;MAS DE 6 Y MENOS DE 8 SALARIOS MINIMOS;NO;51,78;1;4;3;1
11;20121;M;1;GUADALAJARA DE BUGA;22;-;NO DESERTOR;NO;0;MAS DE 4 Y MENOS DE 6 SALARIOS MINIMOS;NO;43;1;4;4;0
11;20121;M;10;TULUÁ;27;-;NO DESERTOR;NO;0;MAS DE 2 Y MENOS DE 4 SALARIOS MINIMOS;Si;49,56;1;6;5;1
11;20121;M;10;TULUÁ;27;-;NO DESERTOR;NO;2;DOS SALARIOS MÍNIMOS O MENOS;Si;48,08;0;5;4;1
11;20121;M;5;TULUÁ;24;-;NO DESERTOR;NO;2;MAS DE 2 Y MENOS DE 4 SALARIOS MINIMOS;Si;53,73;0;9;8;1
11;20121;M;4;TULUÁ;23;-;NO DESERTOR;NO;0;MAS DE 2 Y MENOS DE 4 SALARIOS MINIMOS;NO;51,05;1;4;3;1
11;20121;M;10;TULUÁ;25;-;NO DESERTOR;NO;0;DOS SALARIOS MÍNIMOS O MENOS;Si;48,12;0;5;4;1
11;20121;M;4;TULUÁ;23;-;NO DESERTOR;NO;0;MAS DE 2 Y MENOS DE 4 SALARIOS MINIMOS;Si;58,46;0;6;5;1
11;20121;M;3;TULUÁ;24;-;NO DESERTOR;SI;0;MAS DE 2 Y MENOS DE 4 SALARIOS MINIMOS;NO;55,05;0;5;4;1
11;20121;M;2;TULUÁ;22;-;NO DESERTOR;NO;0;MAS DE 4 Y MENOS DE 6 SALARIOS MINIMOS;NO;49,97;1;6;5;1
11;20121;M;7;TULUÁ;24;-;NO DESERTOR;NO;0;MAS DE 6 Y MENOS DE 8 SALARIOS MINIMOS;Si;52,73;0;5;4;1
11;20121;M;6;TULUÁ;31;-;NO DESERTOR;NO;1;NO DEFINIDO;NO;48,73;1;3;1;2
11;20121;M;10;TULUÁ;30;-;NO DESERTOR;NO;0;NO DEFINIDO;Si;45,56;2;3;2;1
11;20121;M;11;TULUÁ;30;-;NO DESERTOR;NO;0;MAS DE 2 Y MENOS DE 4 SALARIOS MINIMOS;Si;52,2;0;6;5;1
11;20121;M;8;TULUÁ;25;-;NO DESERTOR;NO;1;MAS DE 2 Y MENOS DE 4 SALARIOS MINIMOS;NO;53,72;0;7;6;1
11;20121;M;9;TULUÁ;25;-;NO DESERTOR;NO;0;DOS SALARIOS MÍNIMOS O MENOS;Si;56,32;0;4;3;1
11;20121;M;6;GUADALAJARA DE BUGA;24;-;NO DESERTOR;NO;2;DOS SALARIOS MÍNIMOS O MENOS;NO;51,89;0;10;9;1
11;20121;M;7;TULUÁ;25;-;NO DESERTOR;NO;0;DOS SALARIOS MÍNIMOS O MENOS;NO;60,51;0;6;5;1
11;20121;M;5;GUADALAJARA DE BUGA;24;-;NO DESERTOR;NO;0;NO DEFINIDO;Si;50,95;0;7;6;1
11;20121;M;2;TULUÁ;23;INACTIVIDAD ACADEMICA;DESERTOR;NO;0;MAS DE 4 Y MENOS DE 6 SALARIOS MINIMOS;NO;67,02;1;6;5;1
11;20121;M;3;TULUÁ;21;-;NO DESERTOR;NO;0;MAS DE 2 Y MENOS DE 4 SALARIOS MINIMOS;NO;47,93;0;6;5;1
11;20121;M;2;TULUÁ;22;-;NO DESERTOR;NO;0;DOS SALARIOS MÍNIMOS O MENOS;NO;57,06;0;8;7;1
11;20121;M;1;TULUÁ;22;-;NO DESERTOR;NO;0;DOS SALARIOS MÍNIMOS O MENOS;NO;50,95;0;7;6;1
11;20121;M;2;TULUÁ;23;INACTIVIDAD ACADEMICA;DESERTOR;NO;2;MAS DE 4 Y MENOS DE 6 SALARIOS MINIMOS;NO;53,56;1;4;4;0
11;20121;M;3;TULUÁ;24;INACTIVIDAD ACADEMICA;DESERTOR;NO;0;DOS SALARIOS MÍNIMOS O MENOS;NO;61,07;1;6;5;1
11;20121;M;1;TULUÁ;23;-;NO DESERTOR;NO;0;MAS DE 4 Y MENOS DE 6 SALARIOS MINIMOS;NO;58,38;0;6;5;1
11;20121;M;1;TULUÁ;22;-;NO DESERTOR;NO;1;DOS SALARIOS MÍNIMOS O MENOS;NO;51,66;0;6;5;1
11;20121;M;9;ANDALUCÍA;25;-;NO DESERTOR;NO;0;MAS DE 2 Y MENOS DE 4 SALARIOS MINIMOS;Si;39,48;1;6;5;1
11;20121;M;2;BUGALAGRANDE;22;-;NO DESERTOR;NO;0;MAS DE 2 Y MENOS DE 4 SALARIOS MINIMOS;NO;55,73;0;5;4;1
11;20121;M;2;TULUÁ;22;-;NO DESERTOR;NO;1;DOS SALARIOS MÍNIMOS O MENOS;NO;53,39;0;8;7;1
11;20121;M;7;GUADALAJARA DE BUGA;29;-;NO DESERTOR;NO;3;MAS DE 6 Y MENOS DE 8 SALARIOS MINIMOS;Si;48,94;0;5;4;1
11;20121;M;4;TULUÁ;26;-;NO DESERTOR;NO;0;MAS DE 2 Y MENOS DE 4 SALARIOS MINIMOS;Si;46,4;0;5;4;1
11;20121;M;3;TRUJILLO;22;-;NO DESERTOR;NO;0;MAS DE 2 Y MENOS DE 4 SALARIOS MINIMOS;NO;56,55;0;5;4;1
11;20121;M;2;TULUÁ;23;-;NO DESERTOR;NO;0;MAS DE 2 Y MENOS DE 4 SALARIOS MINIMOS;NO;52,14;1;6;5;1
11;20121;M;5;TULUÁ;23;-;NO DESERTOR;NO;1;MAS DE 2 Y MENOS DE 4 SALARIOS MINIMOS;Si;51,56;0;7;6;1
11;20121;M;2;TULUÁ;21;-;NO DESERTOR;NO;0;MAS DE 4 Y MENOS DE 6 SALARIOS MINIMOS;NO;50,95;0;8;6;2
11;20121;M;2;TULUÁ;23;-;NO DESERTOR;NO;2;MAS DE 4 Y MENOS DE 6 SALARIOS MINIMOS;NO;48,01;0;5;4;1
11;20121;M;1;TULUÁ;22;INACTIVIDAD ACADEMICA;DESERTOR;NO;0;NO DEFINIDO;NO;53,07;2;4;4;0
11;20121;M;3;ROLDANILLO;22;INACTIVIDAD ACADEMICA;DESERTOR;NO;2;DOS SALARIOS MÍNIMOS O MENOS;NO;58,32;0;1;1;0
11;20121;M;1;GUADALAJARA DE BUGA;22;-;NO DESERTOR;NO;0;MAS DE 2 Y MENOS DE 4 SALARIOS MINIMOS;NO;58,87;1;7;5;2
11;20121;M;7;TULUÁ;28;-;NO DESERTOR;NO;0;NO DEFINIDO;Si;50,95;0;2;1;1
11;20121;M;1;TULUÁ;21;-;NO DESERTOR;NO;0;MAS DE 4 Y MENOS DE 6 SALARIOS MINIMOS;NO;64,9;0;4;4;0
11;20121;M;1;TULUÁ;28;INACTIVIDAD ACADEMICA;DESERTOR;NO;0;MAS DE 2 Y MENOS DE 4 SALARIOS MINIMOS;NO;45,4;1;5;5;0
11;20121;M;4;MEDELLÍN;28;INACTIVIDAD ACADEMICA;DESERTOR;NO;0;MAS DE 2 Y MENOS DE 4 SALARIOS MINIMOS;NO;43,56;1;5;4;1
11;20121;M;6;TULUÁ;30;-;NO DESERTOR;NO;1;DOS SALARIOS MÍNIMOS O MENOS;NO;48,31;0;7;6;1
11;20121;M;2;ANDALUCÍA;23;-;NO DESERTOR;NO;0;DOS SALARIOS MÍNIMOS O MENOS;NO;61,27;1;5;4;1
11;20121;M;9;TULUÁ;25;-;NO DESERTOR;NO;0;MAS DE 2 Y MENOS DE 4 SALARIOS MINIMOS;Si;54,88;0;4;3;1
11;20121;M;5;TULUÁ;28;-;NO DESERTOR;NO;0;MAS DE 4 Y MENOS DE 6 SALARIOS MINIMOS;Si;52,97;0;6;5;1
11;20121;M;4;BUENAVENTURA;23;-;NO DESERTOR;NO;0;DOS SALARIOS MÍNIMOS O MENOS;NO;52,92;0;8;5;3
11;20121;M;2;TULUÁ;25;-;NO DESERTOR;NO;0;DOS SALARIOS MÍNIMOS O MENOS;NO;56,29;0;8;7;1
11;20121;F;4;GUADALAJARA DE BUGA;29;-;NO DESERTOR;NO;0;DOS SALARIOS MÍNIMOS O MENOS;NO;53,12;0;3;1;2
11;20121;F;4;TULUÁ;22;-;NO DESERTOR;NO;0;MAS DE 2 Y MENOS DE 4 SALARIOS MINIMOS;Si;61,49;1;6;5;1
11;20121;M;8;TULUÁ;27;-;NO DESERTOR;NO;0;MAS DE 2 Y MENOS DE 4 SALARIOS MINIMOS;Si;47,56;1;7;6;1
11;20121;M;4;BUGALAGRANDE;22;-;NO DESERTOR;NO;0;MAS DE 2 Y MENOS DE 4 SALARIOS MINIMOS;NO;41,51;1;5;4;1
11;20121;M;3;TULUÁ;22;-;NO DESERTOR;NO;0;DOS SALARIOS MÍNIMOS O MENOS;NO;63,8;0;5;4;1
11;20121;M;1;TULUÁ;21;-;NO DESERTOR;NO;2;DOS SALARIOS MÍNIMOS O MENOS;NO;50,95;0;8;7;1
11;20121;M;3;TULUÁ;25;-;NO DESERTOR;NO;0;DOS SALARIOS MÍNIMOS O MENOS;NO;53,58;0;5;4;1
11;20121;M;1;ZANJÓN HONDO - GUADALAJARA DE BUGA;24;-;NO DESERTOR;NO;0;MAS DE 2 Y MENOS DE 4 SALARIOS MINIMOS;Si;54,32;0;4;3;1
11;20121;F;9;TULUÁ;27;-;NO DESERTOR;NO;2;DOS SALARIOS MÍNIMOS O MENOS;Si;47,44;0;8;7;1
11;20121;M;9;GUADALAJARA DE BUGA;26;-;NO DESERTOR;NO;1;MAS DE 2 Y MENOS DE 4 SALARIOS MINIMOS;Si;50,4;0;4;3;1
11;20121;F;9;GINEBRA;27;-;NO DESERTOR;NO;0;DOS SALARIOS MÍNIMOS O MENOS;Si;51,48;1;5;4;1
11;20121;F;5;BUENAVENTURA;23;-;NO DESERTOR;NO;0;DOS SALARIOS MÍNIMOS O MENOS;Si;49,99;0;8;7;1
11;20121;F;4;TULUÁ;24;-;NO DESERTOR;NO;3;DOS SALARIOS MÍNIMOS O MENOS;NO;47,81;0;5;4;1
11;20121;F;3;BUGALAGRANDE;22;-;NO DESERTOR;NO;0;MAS DE 4 Y MENOS DE 6 SALARIOS MINIMOS;NO;56,54;0;6;5;1
11;20121;F;3;GUADALAJARA DE BUGA;22;-;NO DESERTOR;NO;0;MAS DE 2 Y MENOS DE 4 SALARIOS MINIMOS;NO;58,2;0;4;3;1
11;20121;F;3;ROLDANILLO;26;-;NO DESERTOR;NO;0;MAS DE 4 Y MENOS DE 6 SALARIOS MINIMOS;NO;50,21;0;4;3;1
11;20121;F;1;TULUÁ;21;-;NO DESERTOR;NO;0;MAS DE 2 Y MENOS DE 4 SALARIOS MINIMOS;NO;75,77;0;7;6;1
11;20121;M;3;GUADALAJARA DE BUGA;25;-;NO DESERTOR;NO;3;DOS SALARIOS MÍNIMOS O MENOS;NO;47,42;1;7;5;2
11;20121;M;3;TULUÁ;26;INACTIVIDAD ACADEMICA;DESERTOR;NO;0;DOS SALARIOS MÍNIMOS O MENOS;NO;49,78;1;5;4;1
11;20121;M;1;TULUÁ;21;-;NO DESERTOR;NO;0;MAS DE 2 Y MENOS DE 4 SALARIOS MINIMOS;NO;49,08;1;8;7;1
11;20121;F;6;TULUÁ;26;-;NO DESERTOR;NO;2;MAS DE 2 Y MENOS DE 4 SALARIOS MINIMOS;NO;37,24;1;5;4;1
11;20121;F;1;TULUÁ;22;-;NO DESERTOR;NO;2;DOS SALARIOS MÍNIMOS O MENOS;NO;51,61;1;5;4;1
11;20121;F;3;TULUÁ;25;INACTIVIDAD ACADEMICA;DESERTOR;NO;0;DOS SALARIOS MÍNIMOS O MENOS;NO;51,24;0;4;3;1
11;20121;F;3;TULUÁ;25;-;NO DESERTOR;NO;0;MAS DE 2 Y MENOS DE 4 SALARIOS MINIMOS;NO;56,15;1;6;5;1
11;20121;M;8;GUADALAJARA DE BUGA;36;-;NO DESERTOR;NO;0;MAS DE 4 Y MENOS DE 6 SALARIOS MINIMOS;Si;45,74;4;3;2;1
11;20121;M;7;TULUÁ;26;-;NO DESERTOR;NO;0;DOS SALARIOS MÍNIMOS O MENOS;Si;53,45;0;5;4;1
11;20121;F;1;TULUÁ;22;-;NO DESERTOR;NO;0;DOS SALARIOS MÍNIMOS O MENOS;NO;72,25;0;7;6;1
11;20121;M;9;TULUÁ;28;-;NO DESERTOR;NO;0;DOS SALARIOS MÍNIMOS O MENOS;Si;48,64;0;5;4;1
11;20121;F;10;TULUÁ;27;-;NO DESERTOR;NO;0;DOS SALARIOS MÍNIMOS O MENOS;Si;46,68;1;6;5;1
11;20121;F;9;TULUÁ;29;-;NO DESERTOR;NO;0;MAS DE 4 Y MENOS DE 6 SALARIOS MINIMOS;Si;57,15;0;6;5;1
11;20121;F;9;TULUÁ;26;-;NO DESERTOR;NO;0;MAS DE 2 Y MENOS DE 4 SALARIOS MINIMOS;Si;45,84;0;6;5;1
11;20051;F;11;TULUÁ;38;-;NO DESERTOR;NO;0;NO DEFINIDO;Si;50,95;0;1;0;1
11;20121;F;10;TULUÁ;29;-;NO DESERTOR;NO;0;MAS DE 2 Y MENOS DE 4 SALARIOS MINIMOS;Si;41,88;1;6;5;1
11;20121;F;8;GUADALAJARA DE BUGA;26;-;NO DESERTOR;NO;0;MAS DE 2 Y MENOS DE 4 SALARIOS MINIMOS;Si;53,73;0;5;4;1
11;20121;F;1;TULUÁ;21;-;NO DESERTOR;NO;0;NO DEFINIDO;NO;56,7;0;8;7;1
11;20121;F;9;TULUÁ;25;-;NO DESERTOR;NO;0;DOS SALARIOS MÍNIMOS O MENOS;Si;52,64;0;4;3;1
11;20051;F;11;GUADALAJARA DE BUGA;36;INACTIVIDAD ACADEMICA;DESERTOR;NO;0;NO DEFINIDO;NO;50,95;0;1;0;1
11;20121;F;3;ROLDANILLO;27;-;NO DESERTOR;NO;0;MAS DE 8 SALARIOS MINIMOS;NO;46,76;0;4;3;1
11;20121;F;5;ANDALUCÍA;23;INACTIVIDAD ACADEMICA;DESERTOR;NO;0;DOS SALARIOS MÍNIMOS O MENOS;NO;50,48;1;5;5;0
11;20121;F;9;TRUJILLO;25;-;NO DESERTOR;NO;0;DOS SALARIOS MÍNIMOS O MENOS;Si;51,24;0;7;6;1
11;20121;F;7;BUENAVENTURA;24;-;NO DESERTOR;NO;2;MAS DE 2 Y MENOS DE 4 SALARIOS MINIMOS;Si;56,97;0;7;6;1
11;20121;F;1;GUADALAJARA DE BUGA;22;-;NO DESERTOR;NO;0;DOS SALARIOS MÍNIMOS O MENOS;NO;47,5;0;6;5;1
11;20121;F;9;TULUÁ;32;-;NO DESERTOR;NO;0;NO DEFINIDO;Si;50,95;2;3;2;1
11;20121;M;9;TULUÁ;31;-;NO DESERTOR;NO;3;DOS SALARIOS MÍNIMOS O MENOS;Si;50,77;0;8;7;1
11;20121;F;1;TULUÁ;21;-;NO DESERTOR;NO;0;MAS DE 4 Y MENOS DE 6 SALARIOS MINIMOS;NO;56,72;1;7;6;1
11;20121;M;3;TULUÁ;23;-;NO DESERTOR;NO;0;DOS SALARIOS MÍNIMOS O MENOS;Si;60,95;0;6;5;1
11;20121;M;5;TULUÁ;29;-;NO DESERTOR;NO;0;MAS DE 2 Y MENOS DE 4 SALARIOS MINIMOS;Si;39,92;3;2;1;1
11;20121;M;9;TULUÁ;26;-;NO DESERTOR;NO;0;MAS DE 2 Y MENOS DE 4 SALARIOS MINIMOS;Si;54,72;0;5;3;2
11;20121;M;4;SAN PEDRO;25;-;NO DESERTOR;NO;0;MAS DE 2 Y MENOS DE 4 SALARIOS MINIMOS;NO;45,13;0;4;3;1
11;20121;F;3;TRUJILLO;25;-;NO DESERTOR;NO;0;DOS SALARIOS MÍNIMOS O MENOS;Si;42,22;0;5;4;1
11;20121;F;1;CALI;26;-;NO DESERTOR;NO;0;MAS DE 2 Y MENOS DE 4 SALARIOS MINIMOS;Si;52,41;0;7;6;1
11;20121;F;6;ANDALUCÍA;23;-;NO DESERTOR;NO;2;NO DEFINIDO;NO;54,89;0;5;4;1
11;20121;F;3;TULUÁ;23;-;NO DESERTOR;NO;0;MAS DE 2 Y MENOS DE 4 SALARIOS MINIMOS;NO;48,45;0;5;3;2
11;20121;M;4;EL CERRITO;22;-;NO DESERTOR;NO;0;MAS DE 4 Y MENOS DE 6 SALARIOS MINIMOS;NO;49,7;1;6;5;1
11;20121;F;1;TULUÁ;22;-;NO DESERTOR;NO;0;NO DEFINIDO;NO;55,25;0;9;8;1
11;20121;F;9;TULUÁ;26;-;NO DESERTOR;NO;0;MAS DE 4 Y MENOS DE 6 SALARIOS MINIMOS;Si;53,08;0;5;4;1
11;20121;F;5;TULUÁ;24;-;NO DESERTOR;NO;0;DOS SALARIOS MÍNIMOS O MENOS;NO;55,79;0;8;7;1
11;20121;F;5;TULUÁ;24;INACTIVIDAD ACADEMICA;DESERTOR;NO;0;MAS DE 2 Y MENOS DE 4 SALARIOS MINIMOS;NO;51,18;0;8;7;1
11;20121;F;9;TULUÁ;29;-;NO DESERTOR;NO;0;NO DEFINIDO;Si;49,66;2;2;1;1
11;20121;F;11;TULUÁ;28;-;NO DESERTOR;NO;2;MAS DE 2 Y MENOS DE 4 SALARIOS MINIMOS;Si;47,72;0;7;6;1
11;20121;F;9;TULUÁ;26;-;NO DESERTOR;NO;0;MAS DE 2 Y MENOS DE 4 SALARIOS MINIMOS;Si;59,4;0;5;4;1
11;20121;F;8;GUADALAJARA DE BUGA;26;-;NO DESERTOR;NO;0;MAS DE 6 Y MENOS DE 8 SALARIOS MINIMOS;Si;53,01;0;9;8;1
11;20121;F;3;TULUÁ;24;-;NO DESERTOR;NO;0;MAS DE 2 Y MENOS DE 4 SALARIOS MINIMOS;NO;60,99;0;5;4;1
11;20121;F;2;TULUÁ;22;INACTIVIDAD ACADEMICA;DESERTOR;NO;0;DOS SALARIOS MÍNIMOS O MENOS;NO;52,33;1;3;3;0
11;20121;F;1;TULUÁ;22;-;NO DESERTOR;NO;0;DOS SALARIOS MÍNIMOS O MENOS;NO;57,55;1;8;7;1
11;20121;F;1;AGUACLARA - TULUÁ;23;-;NO DESERTOR;NO;0;MAS DE 2 Y MENOS DE 4 SALARIOS MINIMOS;NO;41,67;1;6;5;1
11;20121;F;9;TULUÁ;26;-;NO DESERTOR;NO;0;DOS SALARIOS MÍNIMOS O MENOS;Si;55,76;0;7;6;1
11;20121;F;5;TULUÁ;28;-;NO DESERTOR;NO;0;DOS SALARIOS MÍNIMOS O MENOS;NO;37,8;0;7;6;1
11;20121;F;1;ANDALUCÍA;26;-;NO DESERTOR;NO;0;DOS SALARIOS MÍNIMOS O MENOS;NO;37,4;1;8;8;0
11;20121;M;6;RIOFRÍO;33;-;NO DESERTOR;SI;0;MAS DE 2 Y MENOS DE 4 SALARIOS MINIMOS;NO;47,76;1;6;5;1
11;20121;M;2;BUGALAGRANDE;28;-;NO DESERTOR;NO;0;DOS SALARIOS MÍNIMOS O MENOS;NO;49,16;1;5;4;1
11;20121;F;4;GUADALAJARA DE BUGA;24;-;NO DESERTOR;NO;1;DOS SALARIOS MÍNIMOS O MENOS;NO;45,83;1;7;6;1
11;20121;F;4;ANDALUCÍA;27;-;NO DESERTOR;NO;0;DOS SALARIOS MÍNIMOS O MENOS;NO;42,41;0;6;5;1
11;20121;F;1;BUGALAGRANDE;22;-;NO DESERTOR;NO;1;DOS SALARIOS MÍNIMOS O MENOS;NO;49,87;1;5;4;1
11;20121;F;5;TULUÁ;23;-;NO DESERTOR;NO;0;DOS SALARIOS MÍNIMOS O MENOS;NO;44,75;0;5;4;1
11;20121;M;10;GUADALAJARA DE BUGA;28;-;NO DESERTOR;NO;0;DOS SALARIOS MÍNIMOS O MENOS;Si;41,49;1;2;1;1
11;20121;M;3;TULUÁ;23;-;NO DESERTOR;NO;0;MAS DE 2 Y MENOS DE 4 SALARIOS MINIMOS;NO;65,39;0;4;3;1
11;20121;M;11;TULUÁ;27;-;NO DESERTOR;NO;1;DOS SALARIOS MÍNIMOS O MENOS;Si;58,88;0;6;5;1
11;20121;M;10;TULUÁ;26;-;NO DESERTOR;NO;0;MAS DE 2 Y MENOS DE 4 SALARIOS MINIMOS;Si;40,32;0;5;4;1
11;20121;M;1;TULUÁ;22;-;NO DESERTOR;NO;0;MAS DE 2 Y MENOS DE 4 SALARIOS MINIMOS;NO;47,47;1;8;7;1
11;20121;F;9;TULUÁ;29;-;NO DESERTOR;NO;0;NO DEFINIDO;Si;40;3;2;1;1
11;20121;F;3;BUGALAGRANDE;25;-;NO DESERTOR;NO;0;DOS SALARIOS MÍNIMOS O MENOS;NO;51,09;0;5;4;1
11;20121;F;4;ANDALUCÍA;24;-;NO DESERTOR;NO;0;DOS SALARIOS MÍNIMOS O MENOS;NO;67,5;0;6;5;1
11;20121;F;2;TULUÁ;23;-;NO DESERTOR;NO;0;DOS SALARIOS MÍNIMOS O MENOS;NO;58,43;0;7;6;1
11;20121;F;1;TULUÁ;21;-;NO DESERTOR;NO;0;DOS SALARIOS MÍNIMOS O MENOS;NO;64,81;0;8;7;1
11;20121;M;1;ANDALUCÍA;20;-;NO DESERTOR;NO;0;MAS DE 2 Y MENOS DE 4 SALARIOS MINIMOS;NO;47,95;0;6;5;1
11;20121;F;3;TULUÁ;21;-;NO DESERTOR;NO;0;DOS SALARIOS MÍNIMOS O MENOS;NO;42,9;0;4;3;1
11;20121;M;2;JAMUNDÍ;24;INACTIVIDAD ACADEMICA;DESERTOR;NO;0;DOS SALARIOS MÍNIMOS O MENOS;NO;46,09;1;4;4;0
11;20121;M;9;TULUÁ;36;-;NO DESERTOR;NO;0;NO DEFINIDO;Si;46,88;0;2;1;1
11;20121;M;4;TULUÁ;23;-;NO DESERTOR;NO;0;MAS DE 2 Y MENOS DE 4 SALARIOS MINIMOS;NO;61,42;1;6;5;1
11;20121;M;4;TRUJILLO;23;-;NO DESERTOR;NO;0;MAS DE 2 Y MENOS DE 4 SALARIOS MINIMOS;NO;54,77;1;6;5;1
11;20121;F;11;FUNES;27;-;NO DESERTOR;NO;0;MAS DE 2 Y MENOS DE 4 SALARIOS MINIMOS;Si;56;0;6;5;1
11;20121;F;5;TULUÁ;23;-;NO DESERTOR;NO;0;DOS SALARIOS MÍNIMOS O MENOS;NO;48,31;0;6;5;1
11;20121;M;9;TULUÁ;28;-;NO DESERTOR;NO;0;NO DEFINIDO;Si;56,83;1;2;1;1
11;20121;M;7;GUADALAJARA DE BUGA;24;-;NO DESERTOR;NO;0;MAS DE 6 Y MENOS DE 8 SALARIOS MINIMOS;NO;55,22;0;5;4;1
11;20121;M;7;TULUÁ;25;-;NO DESERTOR;NO;0;MAS DE 2 Y MENOS DE 4 SALARIOS MINIMOS;NO;68,13;0;3;2;1
11;20121;M;3;TULUÁ;22;-;NO DESERTOR;NO;0;DOS SALARIOS MÍNIMOS O MENOS;NO;55,68;0;5;4;1
11;20121;M;10;TRUJILLO;27;-;NO DESERTOR;NO;0;DOS SALARIOS MÍNIMOS O MENOS;NO;51,68;0;5;4;1
11;20121;M;3;TULUÁ;21;-;NO DESERTOR;NO;0;MAS DE 6 Y MENOS DE 8 SALARIOS MINIMOS;NO;54,94;1;4;4;0
11;20121;M;2;ANDALUCÍA;22;-;NO DESERTOR;NO;0;DOS SALARIOS MÍNIMOS O MENOS;NO;56,26;0;6;4;2
11;20121;M;6;TULUÁ;28;-;NO DESERTOR;NO;0;MAS DE 2 Y MENOS DE 4 SALARIOS MINIMOS;NO;40;0;4;3;1
11;20121;M;9;TULUÁ;27;-;NO DESERTOR;NO;1;DOS SALARIOS MÍNIMOS O MENOS;Si;57,72;0;8;7;1
11;20121;F;5;TULUÁ;24;-;NO DESERTOR;SI;2;MAS DE 2 Y MENOS DE 4 SALARIOS MINIMOS;NO;54,97;0;6;5;1
11;20121;F;9;BUGALAGRANDE;25;-;NO DESERTOR;NO;1;MAS DE 2 Y MENOS DE 4 SALARIOS MINIMOS;Si;49,84;0;5;4;1
11;20121;M;2;TULUÁ;23;INACTIVIDAD ACADEMICA;DESERTOR;NO;0;DOS SALARIOS MÍNIMOS O MENOS;NO;49,38;1;6;5;1
11;20121;M;5;GINEBRA;23;-;NO DESERTOR;NO;0;DOS SALARIOS MÍNIMOS O MENOS;NO;59,83;0;6;5;1
11;20121;M;3;TULUÁ;23;-;NO DESERTOR;NO;1;DOS SALARIOS MÍNIMOS O MENOS;NO;55,91;0;5;4;1
11;20121;M;3;TULUÁ;27;-;NO DESERTOR;NO;0;DOS SALARIOS MÍNIMOS O MENOS;NO;48,08;0;2;1;1
11;20121;M;3;ANDALUCÍA;27;-;NO DESERTOR;NO;0;MAS DE 2 Y MENOS DE 4 SALARIOS MINIMOS;NO;43,34;1;4;3;1
11;20121;M;4;LA DORADA;27;-;NO DESERTOR;NO;0;DOS SALARIOS MÍNIMOS O MENOS;NO;53,18;0;8;6;2
11;20121;M;5;ANDALUCÍA;24;-;NO DESERTOR;NO;2;MAS DE 8 SALARIOS MINIMOS;NO;49,08;1;8;7;1
11;20121;F;11;BUENAVENTURA;26;-;NO DESERTOR;SI;3;DOS SALARIOS MÍNIMOS O MENOS;Si;45,96;2;5;4;1
11;20121;F;10;BUENAVENTURA;25;-;NO DESERTOR;NO;0;DOS SALARIOS MÍNIMOS O MENOS;NO;40,56;1;8;7;1
11;20121;F;3;TULUÁ;23;-;NO DESERTOR;NO;0;MAS DE 2 Y MENOS DE 4 SALARIOS MINIMOS;NO;51,45;0;5;4;1
11;20121;F;4;TULUÁ;24;-;NO DESERTOR;NO;0;MAS DE 2 Y MENOS DE 4 SALARIOS MINIMOS;NO;46,54;0;4;3;1
11;20121;F;6;TULUÁ;25;-;NO DESERTOR;NO;0;DOS SALARIOS MÍNIMOS O MENOS;NO;53,98;0;8;7;1
11;20121;M;1;GUADALAJARA DE BUGA;23;-;NO DESERTOR;NO;0;MAS DE 2 Y MENOS DE 4 SALARIOS MINIMOS;NO;58,09;0;5;4;1
11;20121;M;1;TULUÁ;26;-;NO DESERTOR;NO;0;MAS DE 6 Y MENOS DE 8 SALARIOS MINIMOS;NO;46,06;0;3;2;1
11;20121;F;9;TULUÁ;26;-;NO DESERTOR;NO;0;MAS DE 2 Y MENOS DE 4 SALARIOS MINIMOS;NO;52,16;0;8;7;1
11;20121;F;4;BUGALAGRANDE;24;-;NO DESERTOR;NO;0;MAS DE 2 Y MENOS DE 4 SALARIOS MINIMOS;NO;56,3;0;4;3;1
11;20121;F;4;TULUÁ;22;-;NO DESERTOR;NO;0;DOS SALARIOS MÍNIMOS O MENOS;NO;48,03;0;4;3;1
11;20121;F;3;TULUÁ;24;-;NO DESERTOR;NO;0;MAS DE 6 Y MENOS DE 8 SALARIOS MINIMOS;NO;54,97;0;4;3;1
11;20121;F;3;TULUÁ;22;-;NO DESERTOR;NO;0;MAS DE 6 Y MENOS DE 8 SALARIOS MINIMOS;NO;52,04;0;5;4;1
11;20121;F;3;TULUÁ;23;-;NO DESERTOR;NO;0;DOS SALARIOS MÍNIMOS O MENOS;NO;64,81;0;4;3;1
11;20121;F;1;TULUÁ;22;-;NO DESERTOR;NO;0;DOS SALARIOS MÍNIMOS O MENOS;NO;57,26;0;5;4;1
11;20121;F;1;ANDALUCÍA;21;-;NO DESERTOR;NO;0;DOS SALARIOS MÍNIMOS O MENOS;NO;56,72;1;8;7;1
11;20121;F;5;TULUÁ;25;-;NO DESERTOR;NO;0;MAS DE 2 Y MENOS DE 4 SALARIOS MINIMOS;NO;48,93;0;4;3;1
11;20121;F;3;TULUÁ;22;-;NO DESERTOR;NO;0;DOS SALARIOS MÍNIMOS O MENOS;NO;47,65;0;5;4;1
11;20121;F;2;GUACARÍ;21;-;NO DESERTOR;NO;1;DOS SALARIOS MÍNIMOS O MENOS;NO;65,02;0;8;6;2
11;20121;F;7;ANDALUCÍA;24;-;NO DESERTOR;NO;0;DOS SALARIOS MÍNIMOS O MENOS;NO;54,67;0;10;9;1
11;20121;F;5;TULUÁ;24;-;NO DESERTOR;NO;0;DOS SALARIOS MÍNIMOS O MENOS;NO;49,68;1;6;5;1
11;20121;M;4;ANDALUCÍA;23;-;NO DESERTOR;NO;2;MAS DE 2 Y MENOS DE 4 SALARIOS MINIMOS;NO;43,72;0;6;5;1
11;20121;M;3;TULUÁ;22;-;NO DESERTOR;NO;0;MAS DE 2 Y MENOS DE 4 SALARIOS MINIMOS;Si;55,31;0;7;5;2
11;20121;M;1;GUADALAJARA DE BUGA;31;-;NO DESERTOR;NO;1;MAS DE 2 Y MENOS DE 4 SALARIOS MINIMOS;NO;43,03;0;2;1;1
11;20121;F;1;TULUÁ;24;-;NO DESERTOR;NO;0;MAS DE 2 Y MENOS DE 4 SALARIOS MINIMOS;Si;44,13;0;6;5;1
11;20121;M;10;TULUÁ;26;-;NO DESERTOR;NO;0;MAS DE 2 Y MENOS DE 4 SALARIOS MINIMOS;Si;49,68;0;7;6;1
11;20121;F;4;TULUÁ;26;-;NO DESERTOR;NO;2;DOS SALARIOS MÍNIMOS O MENOS;NO;44,32;1;8;7;1
11;20121;F;11;GUADALAJARA DE BUGA;27;-;NO DESERTOR;NO;0;MAS DE 4 Y MENOS DE 6 SALARIOS MINIMOS;Si;44,64;0;4;3;1
10;20121;F;11;TRUJILLO;29;-;NO DESERTOR;NO;0;NO DEFINIDO;NO;41,77;0;3;1;2
10;20121;M;3;TULUÁ;40;-;NO DESERTOR;SI;1;MAS DE 2 Y MENOS DE 4 SALARIOS MINIMOS;NO;56,52;1;7;6;1
10;20121;F;10;TULUÁ;27;-;NO DESERTOR;NO;0;MAS DE 2 Y MENOS DE 4 SALARIOS MINIMOS;NO;52,6;0;5;4;1
10;20121;F;8;TULUÁ;26;-;NO DESERTOR;NO;0;MAS DE 2 Y MENOS DE 4 SALARIOS MINIMOS;NO;60,32;0;7;6;1
10;20121;M;10;ANDALUCÍA;27;-;NO DESERTOR;NO;0;DOS SALARIOS MÍNIMOS O MENOS;NO;47,72;0;6;5;1
10;20121;M;3;TULUÁ;26;-;NO DESERTOR;NO;0;DOS SALARIOS MÍNIMOS O MENOS;NO;59,41;1;5;4;1
10;20121;M;2;TULUÁ;23;-;NO DESERTOR;NO;2;MAS DE 2 Y MENOS DE 4 SALARIOS MINIMOS;NO;52,71;0;4;3;1
10;20121;F;3;TULUÁ;25;INACTIVIDAD ACADEMICA;DESERTOR;NO;0;MAS DE 2 Y MENOS DE 4 SALARIOS MINIMOS;NO;50,4;1;6;5;1
10;20121;F;2;TULUÁ;23;INACTIVIDAD ACADEMICA;DESERTOR;NO;0;DOS SALARIOS MÍNIMOS O MENOS;NO;56,71;0;5;4;1
10;20121;M;9;TULUÁ;27;-;NO DESERTOR;NO;0;MAS DE 4 Y MENOS DE 6 SALARIOS MINIMOS;Si;44,76;1;2;1;1
10;20121;F;4;TULUÁ;23;INACTIVIDAD ACADEMICA;DESERTOR;NO;0;MAS DE 2 Y MENOS DE 4 SALARIOS MINIMOS;NO;46,74;0;8;7;1
10;20121;M;9;TULUÁ;28;-;NO DESERTOR;NO;0;MAS DE 8 SALARIOS MINIMOS;Si;43,72;0;7;6;1
10;20121;F;5;TULUÁ;24;-;NO DESERTOR;NO;0;MAS DE 2 Y MENOS DE 4 SALARIOS MINIMOS;Si;52,66;0;6;5;1
10;20121;F;8;TULUÁ;26;-;NO DESERTOR;NO;2;DOS SALARIOS MÍNIMOS O MENOS;NO;54,32;0;7;6;1
10;20121;M;4;GUADALAJARA DE BUGA;30;INACTIVIDAD ACADEMICA;DESERTOR;NO;0;MAS DE 2 Y MENOS DE 4 SALARIOS MINIMOS;NO;46,07;1;7;6;1
10;20121;M;5;TULUÁ;25;-;NO DESERTOR;NO;0;MAS DE 6 Y MENOS DE 8 SALARIOS MINIMOS;Si;52,9;0;7;6;1
10;20121;M;9;TULUÁ;28;-;NO DESERTOR;NO;0;MAS DE 4 Y MENOS DE 6 SALARIOS MINIMOS;Si;48,44;1;5;4;1
10;20121;F;3;ANDALUCÍA;24;-;NO DESERTOR;NO;0;DOS SALARIOS MÍNIMOS O MENOS;NO;38,19;0;7;5;2
10;20121;F;2;BUGALAGRANDE;22;-;NO DESERTOR;NO;1;MAS DE 2 Y MENOS DE 4 SALARIOS MINIMOS;NO;42,97;1;4;4;0
10;20121;F;7;TULUÁ;25;-;NO DESERTOR;NO;0;MAS DE 2 Y MENOS DE 4 SALARIOS MINIMOS;Si;55,08;0;6;5;1
10;20121;F;9;TULUÁ;26;-;NO DESERTOR;NO;0;MAS DE 4 Y MENOS DE 6 SALARIOS MINIMOS;Si;48,4;0;4;3;1
10;20121;F;4;TULUÁ;24;-;NO DESERTOR;NO;0;MAS DE 2 Y MENOS DE 4 SALARIOS MINIMOS;Si;55,64;0;6;5;1
10;20121;F;7;TULUÁ;27;-;NO DESERTOR;NO;0;MAS DE 2 Y MENOS DE 4 SALARIOS MINIMOS;Si;61,2;0;8;7;1
10;20121;F;6;TULUÁ;27;-;NO DESERTOR;SI;1;MAS DE 2 Y MENOS DE 4 SALARIOS MINIMOS;NO;54,43;0;5;4;1
10;20121;M;6;TULUÁ;25;-;NO DESERTOR;NO;0;MAS DE 2 Y MENOS DE 4 SALARIOS MINIMOS;Si;61,96;0;5;4;1
10;20121;M;4;TULUÁ;25;-;NO DESERTOR;NO;0;MAS DE 4 Y MENOS DE 6 SALARIOS MINIMOS;NO;45,52;1;8;7;1
10;20121;M;1;TULUÁ;26;-;NO DESERTOR;NO;0;DOS SALARIOS MÍNIMOS O MENOS;NO;43,57;1;8;7;1
10;20121;M;10;TULUÁ;26;-;NO DESERTOR;NO;0;MAS DE 4 Y MENOS DE 6 SALARIOS MINIMOS;Si;54,6;0;7;6;1
10;20121;F;5;TULUÁ;24;INACTIVIDAD ACADEMICA;DESERTOR;NO;1;MAS DE 2 Y MENOS DE 4 SALARIOS MINIMOS;NO;56,76;0;5;5;0
10;20121;M;1;TULUÁ;23;-;NO DESERTOR;NO;0;MAS DE 2 Y MENOS DE 4 SALARIOS MINIMOS;NO;62,9;1;6;5;1
10;20121;M;2;BUGALAGRANDE;27;-;NO DESERTOR;NO;0;DOS SALARIOS MÍNIMOS O MENOS;NO;46,81;1;9;7;2
10;20121;M;4;TULUÁ;27;-;NO DESERTOR;SI;1;MAS DE 2 Y MENOS DE 4 SALARIOS MINIMOS;Si;51,95;0;5;4;1
10;20121;M;9;GUADALAJARA DE BUGA;27;-;NO DESERTOR;NO;0;MAS DE 2 Y MENOS DE 4 SALARIOS MINIMOS;Si;46,48;1;2;1;1
10;20121;M;1;BUGALAGRANDE;23;-;NO DESERTOR;NO;2;MAS DE 2 Y MENOS DE 4 SALARIOS MINIMOS;NO;52,72;1;6;5;1
10;20121;M;8;TRUJILLO;26;-;NO DESERTOR;NO;0;MAS DE 2 Y MENOS DE 4 SALARIOS MINIMOS;Si;56,24;0;7;6;1
10;20121;M;7;TULUÁ;28;-;NO DESERTOR;NO;0;DOS SALARIOS MÍNIMOS O MENOS;Si;49,26;0;9;8;1
10;20051;F;9;ANDALUCÍA;34;-;NO DESERTOR;NO;0;NO DEFINIDO;NO;50,95;0;1;0;1
10;20121;F;9;SEVILLA;28;-;NO DESERTOR;NO;0;NO DEFINIDO;NO;41,24;1;2;1;1
10;20121;F;10;ANDALUCÍA;25;-;NO DESERTOR;NO;0;MAS DE 2 Y MENOS DE 4 SALARIOS MINIMOS;NO;51,76;0;5;4;1
10;20121;F;10;TULUÁ;32;-;NO DESERTOR;NO;0;MAS DE 2 Y MENOS DE 4 SALARIOS MINIMOS;NO;42,17;1;5;4;1
10;20121;F;6;BUGALAGRANDE;24;-;NO DESERTOR;NO;0;MAS DE 2 Y MENOS DE 4 SALARIOS MINIMOS;NO;68,93;0;3;2;1
10;20121;M;7;ANDALUCÍA;27;-;NO DESERTOR;NO;0;DOS SALARIOS MÍNIMOS O MENOS;Si;50,95;0;1;0;1
10;20121;M;10;TULUÁ;26;-;NO DESERTOR;NO;0;MAS DE 2 Y MENOS DE 4 SALARIOS MINIMOS;Si;42,12;0;7;5;2
10;20121;M;1;TULUÁ;23;-;NO DESERTOR;NO;0;DOS SALARIOS MÍNIMOS O MENOS;NO;60,97;1;5;5;0
10;20121;M;2;ANDALUCÍA;29;-;NO DESERTOR;NO;0;MAS DE 2 Y MENOS DE 4 SALARIOS MINIMOS;NO;57,2;0;4;3;1
10;20121;M;2;TULUÁ;25;-;NO DESERTOR;NO;0;MAS DE 2 Y MENOS DE 4 SALARIOS MINIMOS;NO;52,33;0;5;4;1
10;20121;M;9;BUGALAGRANDE;29;-;NO DESERTOR;NO;0;NO DEFINIDO;Si;50,83;0;2;1;1
10;20121;M;9;TULUÁ;26;-;NO DESERTOR;NO;0;DOS SALARIOS MÍNIMOS O MENOS;Si;54,56;0;7;6;1
10;20121;M;4;BUENAVENTURA;25;-;NO DESERTOR;NO;0;MAS DE 2 Y MENOS DE 4 SALARIOS MINIMOS;NO;46,95;1;5;4;1
10;20121;M;2;GUADALAJARA DE BUGA;22;-;NO DESERTOR;NO;0;DOS SALARIOS MÍNIMOS O MENOS;NO;60,19;0;6;5;1
10;20121;M;10;TULUÁ;30;-;NO DESERTOR;NO;0;MAS DE 4 Y MENOS DE 6 SALARIOS MINIMOS;Si;46,51;1;5;4;1
10;20121;F;10;TULUÁ;26;-;NO DESERTOR;NO;0;DOS SALARIOS MÍNIMOS O MENOS;NO;48,64;1;6;5;1
10;20121;F;8;TULUÁ;25;-;NO DESERTOR;NO;1;DOS SALARIOS MÍNIMOS O MENOS;NO;57,92;0;8;7;1
10;20121;F;2;TULUÁ;24;INACTIVIDAD ACADEMICA;DESERTOR;NO;0;MAS DE 2 Y MENOS DE 4 SALARIOS MINIMOS;NO;45,39;1;5;4;1
10;20121;F;1;TULUÁ;22;-;NO DESERTOR;NO;0;NO DEFINIDO;NO;55,06;0;9;8;1
10;20121;M;5;BUGALAGRANDE;27;-;NO DESERTOR;NO;0;DOS SALARIOS MÍNIMOS O MENOS;Si;50;1;6;5;1
10;20121;F;8;TULUÁ;25;-;NO DESERTOR;NO;0;MAS DE 2 Y MENOS DE 4 SALARIOS MINIMOS;Si;59,12;0;5;4;1
10;20121;M;5;EL CERRITO;24;-;NO DESERTOR;NO;2;MAS DE 4 Y MENOS DE 6 SALARIOS MINIMOS;NO;61,24;1;6;5;1
10;20121;M;4;TULUÁ;24;-;NO DESERTOR;NO;1;DOS SALARIOS MÍNIMOS O MENOS;NO;51,17;0;4;3;1
10;20121;M;8;TULUÁ;27;-;NO DESERTOR;NO;0;MAS DE 4 Y MENOS DE 6 SALARIOS MINIMOS;Si;54,16;0;7;6;1
10;20121;M;4;TULUÁ;26;INACTIVIDAD ACADEMICA;DESERTOR;NO;1;MAS DE 4 Y MENOS DE 6 SALARIOS MINIMOS;NO;55,8;1;5;4;1
10;20121;F;2;TULUÁ;25;-;NO DESERTOR;NO;1;MAS DE 2 Y MENOS DE 4 SALARIOS MINIMOS;NO;40,27;1;4;3;1
10;20121;F;4;BUGALAGRANDE;26;-;NO DESERTOR;NO;0;DOS SALARIOS MÍNIMOS O MENOS;Si;51,44;1;6;5;1
10;20121;F;4;TULUÁ;24;-;NO DESERTOR;NO;2;DOS SALARIOS MÍNIMOS O MENOS;Si;48,41;0;7;6;1
10;20121;F;1;EL CERRITO;28;-;NO DESERTOR;NO;0;MAS DE 2 Y MENOS DE 4 SALARIOS MINIMOS;NO;44,44;1;5;4;1
10;20121;F;8;TRUJILLO;28;-;NO DESERTOR;NO;0;DOS SALARIOS MÍNIMOS O MENOS;Si;49,24;0;7;6;1
10;20121;F;8;TULUÁ;25;-;NO DESERTOR;NO;0;MAS DE 2 Y MENOS DE 4 SALARIOS MINIMOS;Si;60,28;0;4;3;1
10;20121;M;9;TULUÁ;30;-;NO DESERTOR;NO;0;MAS DE 4 Y MENOS DE 6 SALARIOS MINIMOS;NO;45,69;1;2;1;1
10;20121;M;4;TULUÁ;30;-;NO DESERTOR;NO;0;MAS DE 2 Y MENOS DE 4 SALARIOS MINIMOS;NO;47,54;3;2;1;1
10;20121;M;3;GUADALAJARA DE BUGA;25;-;NO DESERTOR;NO;2;DOS SALARIOS MÍNIMOS O MENOS;NO;48,4;1;5;4;1
10;20121;M;4;TULUÁ;25;INACTIVIDAD ACADEMICA;DESERTOR;NO;2;MAS DE 2 Y MENOS DE 4 SALARIOS MINIMOS;NO;61,03;1;6;5;1
10;20121;M;9;BUENAVENTURA;30;INACTIVIDAD ACADEMICA;DESERTOR;NO;0;DOS SALARIOS MÍNIMOS O MENOS;NO;50,95;2;2;1;1
10;20121;F;6;TULUÁ;24;-;NO DESERTOR;NO;0;MAS DE 6 Y MENOS DE 8 SALARIOS MINIMOS;NO;56,69;0;5;4;1
10;20121;M;1;GUADALAJARA DE BUGA;23;-;NO DESERTOR;NO;2;DOS SALARIOS MÍNIMOS O MENOS;NO;55,24;1;4;3;1
10;20121;M;9;TULUÁ;26;-;NO DESERTOR;NO;0;DOS SALARIOS MÍNIMOS O MENOS;NO;42,32;1;8;7;1
10;20121;M;7;TULUÁ;26;-;NO DESERTOR;NO;1;MAS DE 2 Y MENOS DE 4 SALARIOS MINIMOS;NO;50,84;0;6;5;1
10;20121;F;1;TULUÁ;24;-;NO DESERTOR;NO;0;DOS SALARIOS MÍNIMOS O MENOS;NO;46,71;4;2;1;1
10;20121;F;2;TULUÁ;24;INACTIVIDAD ACADEMICA;DESERTOR;NO;0;DOS SALARIOS MÍNIMOS O MENOS;NO;48,64;1;5;4;1
10;20121;M;9;TULUÁ;30;-;NO DESERTOR;NO;0;MAS DE 2 Y MENOS DE 4 SALARIOS MINIMOS;NO;42,08;1;2;1;1
10;20121;F;2;TULUÁ;23;-;NO DESERTOR;NO;0;DOS SALARIOS MÍNIMOS O MENOS;NO;48,49;1;5;4;1
10;20121;M;2;BUGALAGRANDE;22;-;NO DESERTOR;NO;2;DOS SALARIOS MÍNIMOS O MENOS;NO;45,07;1;5;5;0
10;20121;M;1;TULUÁ;24;INACTIVIDAD ACADEMICA;DESERTOR;NO;0;MAS DE 6 Y MENOS DE 8 SALARIOS MINIMOS;NO;48,43;1;4;4;0
10;20121;F;1;TULUÁ;25;-;NO DESERTOR;NO;0;MAS DE 2 Y MENOS DE 4 SALARIOS MINIMOS;NO;58,51;0;7;6;1
10;20091;M;8;TULUÁ;29;-;NO DESERTOR;NO;0;NO DEFINIDO;Si;48,16;3;1;1;0
10;20121;M;2;GUACARÍ;27;-;NO DESERTOR;NO;0;MAS DE 2 Y MENOS DE 4 SALARIOS MINIMOS;NO;54,83;1;4;3;1
10;20121;M;8;TULUÁ;28;-;NO DESERTOR;NO;2;DOS SALARIOS MÍNIMOS O MENOS;NO;50,4;0;4;3;1
10;20121;M;5;GUADALAJARA DE BUGA;24;-;NO DESERTOR;NO;1;MAS DE 4 Y MENOS DE 6 SALARIOS MINIMOS;Si;60,39;0;6;5;1
10;20121;M;1;BUENAVENTURA;44;-;NO DESERTOR;NO;0;NO DEFINIDO;NO;50,95;0;1;0;1
10;20121;M;10;TULUÁ;28;-;NO DESERTOR;NO;0;DOS SALARIOS MÍNIMOS O MENOS;NO;56,8;1;6;5;1
10;20121;M;11;TULUÁ;28;-;NO DESERTOR;NO;1;NO DEFINIDO;Si;44,36;3;2;1;1
10;20121;M;8;TULUÁ;25;-;NO DESERTOR;NO;1;DOS SALARIOS MÍNIMOS O MENOS;Si;49,12;0;7;6;1
10;20051;F;5;TULUÁ;33;INACTIVIDAD ACADEMICA;DESERTOR;NO;0;NO DEFINIDO;NO;50,95;0;2;0;2
10;20121;F;6;TULUÁ;24;-;NO DESERTOR;NO;0;DOS SALARIOS MÍNIMOS O MENOS;NO;59,71;0;6;5;1
10;20121;F;1;TULUÁ;23;-;NO DESERTOR;NO;0;MAS DE 2 Y MENOS DE 4 SALARIOS MINIMOS;NO;54,72;0;5;4;1
10;20121;F;4;TULUÁ;23;-;NO DESERTOR;NO;0;DOS SALARIOS MÍNIMOS O MENOS;NO;50,12;0;7;6;1
10;20121;F;1;TULUÁ;22;-;NO DESERTOR;NO;1;DOS SALARIOS MÍNIMOS O MENOS;NO;58,65;0;7;6;1
10;20121;F;2;TULUÁ;22;-;NO DESERTOR;NO;0;MAS DE 2 Y MENOS DE 4 SALARIOS MINIMOS;NO;55,15;0;5;4;1
10;20121;F;2;TULUÁ;24;-;NO DESERTOR;NO;0;MAS DE 4 Y MENOS DE 6 SALARIOS MINIMOS;NO;49,56;0;5;4;1
10;20121;M;9;TULUÁ;28;-;NO DESERTOR;NO;0;NO DEFINIDO;Si;50,95;0;1;0;1
10;20121;M;9;GUADALAJARA DE BUGA;29;-;NO DESERTOR;NO;1;DOS SALARIOS MÍNIMOS O MENOS;NO;66,44;0;2;1;1
10;20121;M;3;ANDALUCÍA;23;-;NO DESERTOR;NO;0;MAS DE 2 Y MENOS DE 4 SALARIOS MINIMOS;NO;58,51;1;3;2;1
10;20121;M;9;TULUÁ;31;-;NO DESERTOR;NO;0;MAS DE 2 Y MENOS DE 4 SALARIOS MINIMOS;Si;46,17;1;6;5;1
10;20121;M;4;TULUÁ;25;-;NO DESERTOR;NO;0;MAS DE 2 Y MENOS DE 4 SALARIOS MINIMOS;NO;52,87;0;5;4;1
10;20121;M;2;BUENAVENTURA;24;-;NO DESERTOR;NO;0;NO DEFINIDO;NO;57,15;0;6;5;1
10;20121;M;3;PALMIRA;26;-;NO DESERTOR;NO;0;MAS DE 4 Y MENOS DE 6 SALARIOS MINIMOS;NO;46,24;0;9;6;3
10;20121;F;7;TULUÁ;27;-;NO DESERTOR;SI;0;DOS SALARIOS MÍNIMOS O MENOS;NO;48,4;0;7;6;1
10;20121;F;9;ROLDANILLO;26;-;NO DESERTOR;NO;0;MAS DE 4 Y MENOS DE 6 SALARIOS MINIMOS;NO;41,76;1;6;5;1
10;20121;F;2;TULUÁ;26;-;NO DESERTOR;NO;0;MAS DE 2 Y MENOS DE 4 SALARIOS MINIMOS;NO;48,38;0;6;4;2
10;20121;F;2;TULUÁ;26;-;NO DESERTOR;NO;1;DOS SALARIOS MÍNIMOS O MENOS;NO;42,76;1;4;3;1
10;20121;M;9;TULUÁ;29;-;NO DESERTOR;NO;3;MAS DE 4 Y MENOS DE 6 SALARIOS MINIMOS;Si;39,36;0;8;6;2
10;20121;M;2;BUENAVENTURA;22;-;NO DESERTOR;NO;0;DOS SALARIOS MÍNIMOS O MENOS;NO;48,11;1;6;5;1
10;20121;M;1;TULUÁ;23;-;NO DESERTOR;NO;0;NO DEFINIDO;NO;53,06;1;8;7;1
10;20121;M;3;TULUÁ;25;-;NO DESERTOR;NO;2;MAS DE 2 Y MENOS DE 4 SALARIOS MINIMOS;NO;53,16;0;5;4;1
10;20121;M;2;GUADALAJARA DE BUGA;23;-;NO DESERTOR;NO;1;MAS DE 2 Y MENOS DE 4 SALARIOS MINIMOS;NO;65,44;0;6;4;2
10;20121;M;7;ANDALUCÍA;27;-;NO DESERTOR;NO;1;DOS SALARIOS MÍNIMOS O MENOS;Si;50,28;1;2;1;1
10;20121;M;3;ANDALUCÍA;27;INACTIVIDAD ACADEMICA;DESERTOR;NO;0;MAS DE 2 Y MENOS DE 4 SALARIOS MINIMOS;NO;58,65;1;4;3;1
10;20121;M;9;TULUÁ;27;-;NO DESERTOR;NO;0;MAS DE 2 Y MENOS DE 4 SALARIOS MINIMOS;Si;49,56;1;6;5;1
10;20121;M;8;TULUÁ;29;-;NO DESERTOR;NO;0;NO DEFINIDO;Si;56,52;3;2;1;1
10;20121;M;9;TULUÁ;27;-;NO DESERTOR;NO;2;DOS SALARIOS MÍNIMOS O MENOS;Si;48,08;0;5;4;1
10;20121;M;4;TULUÁ;24;-;NO DESERTOR;NO;2;MAS DE 2 Y MENOS DE 4 SALARIOS MINIMOS;Si;53,73;0;9;8;1
10;20121;M;3;TULUÁ;23;-;NO DESERTOR;NO;0;MAS DE 2 Y MENOS DE 4 SALARIOS MINIMOS;NO;51,05;1;4;3;1
10;20121;M;9;TULUÁ;25;-;NO DESERTOR;NO;0;DOS SALARIOS MÍNIMOS O MENOS;Si;48,12;0;5;4;1
10;20121;M;3;TULUÁ;23;-;NO DESERTOR;NO;0;MAS DE 2 Y MENOS DE 4 SALARIOS MINIMOS;Si;58,46;0;6;5;1
10;20121;M;2;TULUÁ;24;-;NO DESERTOR;SI;0;MAS DE 2 Y MENOS DE 4 SALARIOS MINIMOS;NO;55,05;0;5;4;1
10;20121;M;2;TULUÁ;22;-;NO DESERTOR;NO;0;MAS DE 4 Y MENOS DE 6 SALARIOS MINIMOS;NO;49,97;1;6;5;1
10;20121;M;3;BUGALAGRANDE;24;INACTIVIDAD ACADEMICA;DESERTOR;NO;0;MAS DE 2 Y MENOS DE 4 SALARIOS MINIMOS;NO;52,13;1;8;7;1
10;20121;M;6;TULUÁ;24;-;NO DESERTOR;NO;0;MAS DE 6 Y MENOS DE 8 SALARIOS MINIMOS;Si;52,73;0;5;4;1
10;20121;M;4;TULUÁ;31;-;NO DESERTOR;NO;1;NO DEFINIDO;NO;48,73;1;3;1;2
10;20121;M;6;TULUÁ;30;-;NO DESERTOR;NO;0;NO DEFINIDO;Si;45,56;2;3;2;1
10;20121;M;1;TULUÁ;27;-;NO DESERTOR;NO;0;MAS DE 6 Y MENOS DE 8 SALARIOS MINIMOS;Si;50,08;0;3;2;1
10;20121;M;9;TULUÁ;30;-;NO DESERTOR;NO;0;MAS DE 2 Y MENOS DE 4 SALARIOS MINIMOS;Si;52,2;0;6;5;1
10;20121;M;9;TULUÁ;25;-;NO DESERTOR;NO;1;MAS DE 2 Y MENOS DE 4 SALARIOS MINIMOS;NO;53,72;0;7;6;1
10;20121;M;8;TULUÁ;25;-;NO DESERTOR;NO;0;DOS SALARIOS MÍNIMOS O MENOS;Si;56,32;0;4;3;1
10;20121;M;6;GUADALAJARA DE BUGA;24;-;NO DESERTOR;NO;2;DOS SALARIOS MÍNIMOS O MENOS;NO;51,89;0;10;9;1
10;20121;M;6;TULUÁ;25;-;NO DESERTOR;NO;0;DOS SALARIOS MÍNIMOS O MENOS;NO;60,51;0;6;5;1
10;20121;M;5;GUADALAJARA DE BUGA;24;-;NO DESERTOR;NO;0;NO DEFINIDO;Si;50,95;0;7;6;1
10;20121;M;2;TULUÁ;23;-;NO DESERTOR;NO;0;MAS DE 4 Y MENOS DE 6 SALARIOS MINIMOS;NO;67,02;1;6;5;1
10;20121;M;1;TULUÁ;21;-;NO DESERTOR;NO;0;MAS DE 2 Y MENOS DE 4 SALARIOS MINIMOS;NO;47,93;0;6;5;1
10;20121;M;1;TULUÁ;22;-;NO DESERTOR;NO;0;DOS SALARIOS MÍNIMOS O MENOS;NO;57,06;0;8;7;1
10;20121;M;1;TULUÁ;23;-;NO DESERTOR;NO;2;MAS DE 4 Y MENOS DE 6 SALARIOS MINIMOS;NO;53,56;1;4;4;0
10;20121;M;11;GUADALAJARA DE BUGA;28;-;NO DESERTOR;NO;0;DOS SALARIOS MÍNIMOS O MENOS;Si;53,45;0;2;1;1
10;20121;M;2;TULUÁ;24;-;NO DESERTOR;NO;0;DOS SALARIOS MÍNIMOS O MENOS;NO;61,07;1;6;5;1
10;20121;M;8;ANDALUCÍA;25;-;NO DESERTOR;NO;0;MAS DE 2 Y MENOS DE 4 SALARIOS MINIMOS;Si;39,48;1;6;5;1
10;20121;M;3;TULUÁ;25;INACTIVIDAD ACADEMICA;DESERTOR;NO;1;MAS DE 4 Y MENOS DE 6 SALARIOS MINIMOS;NO;52,08;1;4;3;1
10;20121;M;2;TULUÁ;23;-;NO DESERTOR;NO;0;MAS DE 4 Y MENOS DE 6 SALARIOS MINIMOS;NO;50,11;2;4;3;1
10;20121;M;1;BUGALAGRANDE;22;-;NO DESERTOR;NO;0;MAS DE 2 Y MENOS DE 4 SALARIOS MINIMOS;NO;55,73;0;5;4;1
10;20121;M;1;TULUÁ;22;-;NO DESERTOR;NO;1;DOS SALARIOS MÍNIMOS O MENOS;NO;53,39;0;8;7;1
10;20121;M;6;GUADALAJARA DE BUGA;29;-;NO DESERTOR;NO;3;MAS DE 6 Y MENOS DE 8 SALARIOS MINIMOS;Si;48,94;0;5;4;1
10;20121;M;3;TULUÁ;26;-;NO DESERTOR;NO;0;MAS DE 2 Y MENOS DE 4 SALARIOS MINIMOS;Si;46,4;0;5;4;1
10;20121;M;2;TRUJILLO;22;-;NO DESERTOR;NO;0;MAS DE 2 Y MENOS DE 4 SALARIOS MINIMOS;NO;56,55;0;5;4;1
10;20121;M;2;TULUÁ;23;-;NO DESERTOR;NO;0;MAS DE 2 Y MENOS DE 4 SALARIOS MINIMOS;NO;52,14;1;6;5;1
10;20121;M;4;TULUÁ;23;-;NO DESERTOR;NO;1;MAS DE 2 Y MENOS DE 4 SALARIOS MINIMOS;Si;51,56;0;7;6;1
10;20121;M;1;TULUÁ;21;-;NO DESERTOR;NO;0;MAS DE 4 Y MENOS DE 6 SALARIOS MINIMOS;NO;50,95;0;8;6;2
10;20121;M;1;TULUÁ;23;-;NO DESERTOR;NO;2;MAS DE 4 Y MENOS DE 6 SALARIOS MINIMOS;NO;48,01;0;5;4;1
10;20121;M;1;TULUÁ;27;INACTIVIDAD ACADEMICA;DESERTOR;NO;0;DOS SALARIOS MÍNIMOS O MENOS;NO;50,95;0;1;0;1
10;20121;M;2;ROLDANILLO;22;-;NO DESERTOR;NO;2;DOS SALARIOS MÍNIMOS O MENOS;NO;58,32;0;1;1;0
10;20121;M;4;TULUÁ;31;INACTIVIDAD ACADEMICA;DESERTOR;NO;0;MAS DE 2 Y MENOS DE 4 SALARIOS MINIMOS;NO;43,2;0;5;4;1
10;20121;M;3;TULUÁ;34;INACTIVIDAD ACADEMICA;DESERTOR;SI;3;MAS DE 2 Y MENOS DE 4 SALARIOS MINIMOS;NO;49,18;0;4;3;1
10;20121;M;5;TULUÁ;28;-;NO DESERTOR;NO;0;NO DEFINIDO;Si;50,95;0;2;1;1
10;20121;M;4;MEDELLÍN;28;-;NO DESERTOR;NO;0;MAS DE 2 Y MENOS DE 4 SALARIOS MINIMOS;NO;43,56;1;5;4;1
10;20121;M;5;TULUÁ;30;-;NO DESERTOR;NO;1;DOS SALARIOS MÍNIMOS O MENOS;NO;48,31;0;7;6;1
10;20121;M;2;ANDALUCÍA;23;-;NO DESERTOR;NO;0;DOS SALARIOS MÍNIMOS O MENOS;NO;61,27;1;5;4;1
10;20121;M;8;TULUÁ;25;-;NO DESERTOR;NO;0;MAS DE 2 Y MENOS DE 4 SALARIOS MINIMOS;Si;54,88;0;4;3;1
10;20121;M;4;TULUÁ;28;-;NO DESERTOR;NO;0;MAS DE 4 Y MENOS DE 6 SALARIOS MINIMOS;Si;52,97;0;6;5;1
10;20121;M;3;BUENAVENTURA;23;-;NO DESERTOR;NO;0;DOS SALARIOS MÍNIMOS O MENOS;NO;52,92;0;8;5;3
10;20121;M;1;TULUÁ;25;-;NO DESERTOR;NO;0;DOS SALARIOS MÍNIMOS O MENOS;NO;56,29;0;8;7;1
10;20121;F;10;TULUÁ;26;-;NO DESERTOR;NO;0;MAS DE 2 Y MENOS DE 4 SALARIOS MINIMOS;NO;51,32;0;6;5;1
10;20121;F;3;GUADALAJARA DE BUGA;29;-;NO DESERTOR;NO;0;DOS SALARIOS MÍNIMOS O MENOS;NO;53,12;0;3;1;2
10;20121;F;3;TULUÁ;22;-;NO DESERTOR;NO;0;MAS DE 2 Y MENOS DE 4 SALARIOS MINIMOS;Si;61,49;1;6;5;1
10;20121;M;5;TULUÁ;27;-;NO DESERTOR;NO;0;MAS DE 2 Y MENOS DE 4 SALARIOS MINIMOS;Si;47,56;1;7;6;1
10;20121;M;3;BUGALAGRANDE;22;-;NO DESERTOR;NO;0;MAS DE 2 Y MENOS DE 4 SALARIOS MINIMOS;NO;41,51;1;5;4;1
10;20121;M;2;TULUÁ;22;-;NO DESERTOR;NO;0;DOS SALARIOS MÍNIMOS O MENOS;NO;63,8;0;5;4;1
10;20121;M;2;TULUÁ;25;-;NO DESERTOR;NO;0;DOS SALARIOS MÍNIMOS O MENOS;NO;53,58;0;5;4;1
10;20121;M;4;GUADALAJARA DE BUGA;28;INACTIVIDAD ACADEMICA;DESERTOR;SI;0;DOS SALARIOS MÍNIMOS O MENOS;NO;42,71;1;6;5;1
10;20121;M;4;ZANJÓN HONDO - GUADALAJARA DE BUGA;24;-;NO DESERTOR;NO;0;MAS DE 2 Y MENOS DE 4 SALARIOS MINIMOS;Si;54,32;0;4;3;1
10;20091;M;9;ANDALUCÍA;38;-;NO DESERTOR;NO;0;NO DEFINIDO;Si;49,68;1;2;1;1
10;20121;F;8;TULUÁ;27;-;NO DESERTOR;NO;2;DOS SALARIOS MÍNIMOS O MENOS;Si;47,44;0;8;7;1
10;20121;M;8;GUADALAJARA DE BUGA;26;-;NO DESERTOR;NO;1;MAS DE 2 Y MENOS DE 4 SALARIOS MINIMOS;Si;50,4;0;4;3;1
10;20121;F;8;GINEBRA;27;-;NO DESERTOR;NO;0;DOS SALARIOS MÍNIMOS O MENOS;Si;51,48;1;5;4;1
10;20121;F;4;BUENAVENTURA;23;-;NO DESERTOR;NO;0;DOS SALARIOS MÍNIMOS O MENOS;Si;49,99;0;8;7;1
10;20121;F;2;RIOFRÍO;22;INACTIVIDAD ACADEMICA;DESERTOR;NO;0;DOS SALARIOS MÍNIMOS O MENOS;NO;51,53;0;5;4;1
10;20121;F;2;BUGALAGRANDE;22;-;NO DESERTOR;NO;0;MAS DE 4 Y MENOS DE 6 SALARIOS MINIMOS;NO;56,54;0;6;5;1
10;20121;F;2;GUADALAJARA DE BUGA;22;-;NO DESERTOR;NO;0;MAS DE 2 Y MENOS DE 4 SALARIOS MINIMOS;NO;58,2;0;4;3;1
10;20121;F;3;ROLDANILLO;26;-;NO DESERTOR;NO;0;MAS DE 4 Y MENOS DE 6 SALARIOS MINIMOS;NO;50,21;0;4;3;1
10;20121;M;11;TULUÁ;31;-;NO DESERTOR;NO;0;NO DEFINIDO;NO;50,95;0;2;0;2
10;20121;M;2;GUADALAJARA DE BUGA;25;-;NO DESERTOR;NO;3;DOS SALARIOS MÍNIMOS O MENOS;NO;47,42;1;7;5;2
10;20121;M;9;TULUÁ;27;-;NO DESERTOR;NO;3;DOS SALARIOS MÍNIMOS O MENOS;Si;38,56;0;2;1;1
10;20121;F;8;TULUÁ;26;-;NO DESERTOR;NO;2;MAS DE 2 Y MENOS DE 4 SALARIOS MINIMOS;NO;37,24;1;5;4;1
10;20121;F;11;BUENAVENTURA;27;-;NO DESERTOR;NO;2;NO DEFINIDO;Si;51,56;2;3;2;1
10;20121;F;4;TULUÁ;25;-;NO DESERTOR;NO;0;DOS SALARIOS MÍNIMOS O MENOS;NO;51,24;0;4;3;1
10;20121;F;2;TULUÁ;25;-;NO DESERTOR;NO;0;MAS DE 2 Y MENOS DE 4 SALARIOS MINIMOS;NO;56,15;1;6;5;1
10;20121;F;9;TULUÁ;29;-;NO DESERTOR;NO;0;DOS SALARIOS MÍNIMOS O MENOS;Si;46,76;1;3;2;1
10;20121;F;9;TULUÁ;27;-;NO DESERTOR;NO;0;MAS DE 2 Y MENOS DE 4 SALARIOS MINIMOS;Si;41,16;1;6;5;1
10;20121;M;9;GUADALAJARA DE BUGA;36;-;NO DESERTOR;NO;0;MAS DE 4 Y MENOS DE 6 SALARIOS MINIMOS;Si;45,74;4;3;2;1
10;20121;M;5;TULUÁ;26;-;NO DESERTOR;NO;0;DOS SALARIOS MÍNIMOS O MENOS;Si;53,45;0;5;4;1
10;20121;M;8;TULUÁ;28;-;NO DESERTOR;NO;0;DOS SALARIOS MÍNIMOS O MENOS;Si;48,64;0;5;4;1
10;20121;F;9;TULUÁ;27;-;NO DESERTOR;NO;0;DOS SALARIOS MÍNIMOS O MENOS;Si;46,68;1;6;5;1
10;20121;F;8;TULUÁ;29;-;NO DESERTOR;NO;0;MAS DE 4 Y MENOS DE 6 SALARIOS MINIMOS;Si;57,15;0;6;5;1
10;20121;F;8;TULUÁ;26;-;NO DESERTOR;NO;0;MAS DE 2 Y MENOS DE 4 SALARIOS MINIMOS;Si;45,84;0;6;5;1
10;20121;F;11;TULUÁ;38;-;NO DESERTOR;NO;0;NO DEFINIDO;Si;50,95;0;1;0;1
10;20121;F;9;TULUÁ;29;-;NO DESERTOR;NO;0;MAS DE 2 Y MENOS DE 4 SALARIOS MINIMOS;Si;41,88;1;6;5;1
10;20121;F;7;GUADALAJARA DE BUGA;26;-;NO DESERTOR;NO;0;MAS DE 2 Y MENOS DE 4 SALARIOS MINIMOS;Si;53,73;0;5;4;1
10;20121;F;8;TULUÁ;25;-;NO DESERTOR;NO;0;DOS SALARIOS MÍNIMOS O MENOS;Si;52,64;0;4;3;1
10;20121;F;2;ROLDANILLO;27;-;NO DESERTOR;NO;0;MAS DE 8 SALARIOS MINIMOS;NO;46,76;0;4;3;1
10;20121;F;9;TULUÁ;27;-;NO DESERTOR;NO;0;MAS DE 4 Y MENOS DE 6 SALARIOS MINIMOS;Si;53,32;0;8;7;1
10;20121;F;8;TRUJILLO;25;-;NO DESERTOR;NO;0;DOS SALARIOS MÍNIMOS O MENOS;Si;51,24;0;7;6;1
10;20121;F;6;BUENAVENTURA;24;-;NO DESERTOR;NO;2;MAS DE 2 Y MENOS DE 4 SALARIOS MINIMOS;Si;56,97;0;7;6;1
10;20121;F;2;GUADALAJARA DE BUGA;22;-;NO DESERTOR;NO;0;DOS SALARIOS MÍNIMOS O MENOS;NO;47,5;0;6;5;1
10;20121;F;5;TULUÁ;32;-;NO DESERTOR;NO;0;NO DEFINIDO;Si;50,95;2;3;2;1
10;20121;M;8;TULUÁ;31;-;NO DESERTOR;NO;3;DOS SALARIOS MÍNIMOS O MENOS;Si;50,77;0;8;7;1
10;20121;M;2;TULUÁ;23;-;NO DESERTOR;NO;0;DOS SALARIOS MÍNIMOS O MENOS;Si;60,95;0;6;5;1
10;20121;M;11;TULUÁ;30;-;NO DESERTOR;NO;0;MAS DE 4 Y MENOS DE 6 SALARIOS MINIMOS;Si;46,22;0;2;1;1
10;20121;M;9;TULUÁ;29;-;NO DESERTOR;NO;0;MAS DE 2 Y MENOS DE 4 SALARIOS MINIMOS;Si;39,92;3;2;1;1
10;20121;M;9;TULUÁ;26;-;NO DESERTOR;NO;0;MAS DE 2 Y MENOS DE 4 SALARIOS MINIMOS;Si;54,72;0;5;3;2
10;20121;M;3;SAN PEDRO;25;-;NO DESERTOR;NO;0;MAS DE 2 Y MENOS DE 4 SALARIOS MINIMOS;NO;45,13;0;4;3;1
10;20121;F;2;TRUJILLO;25;-;NO DESERTOR;NO;0;DOS SALARIOS MÍNIMOS O MENOS;Si;42,22;0;5;4;1
10;20121;F;1;CALI;26;-;NO DESERTOR;NO;0;MAS DE 2 Y MENOS DE 4 SALARIOS MINIMOS;Si;52,41;0;7;6;1
10;20121;F;4;TULUÁ;23;INACTIVIDAD ACADEMICA;DESERTOR;NO;0;DOS SALARIOS MÍNIMOS O MENOS;NO;56,58;0;8;8;0
10;20121;F;5;ANDALUCÍA;23;-;NO DESERTOR;NO;2;NO DEFINIDO;NO;54,89;0;5;4;1
10;20121;F;2;TULUÁ;23;-;NO DESERTOR;NO;0;MAS DE 2 Y MENOS DE 4 SALARIOS MINIMOS;NO;48,45;0;5;3;2
10;20121;F;3;TULUÁ;24;INACTIVIDAD ACADEMICA;DESERTOR;NO;0;MAS DE 2 Y MENOS DE 4 SALARIOS MINIMOS;NO;45,12;1;5;4;1
10;20121;M;1;EL CERRITO;22;-;NO DESERTOR;NO;0;MAS DE 4 Y MENOS DE 6 SALARIOS MINIMOS;NO;49,7;1;6;5;1
10;20121;M;2;TULUÁ;30;INACTIVIDAD ACADEMICA;DESERTOR;NO;2;MAS DE 6 Y MENOS DE 8 SALARIOS MINIMOS;NO;50,95;1;6;5;1
10;20121;F;8;TULUÁ;26;-;NO DESERTOR;NO;0;MAS DE 4 Y MENOS DE 6 SALARIOS MINIMOS;Si;53,08;0;5;4;1
10;20121;F;4;TULUÁ;24;-;NO DESERTOR;NO;0;DOS SALARIOS MÍNIMOS O MENOS;NO;55,79;0;8;7;1
10;20121;F;4;TULUÁ;24;-;NO DESERTOR;NO;0;MAS DE 2 Y MENOS DE 4 SALARIOS MINIMOS;NO;51,18;0;8;7;1
10;20121;F;10;GUADALAJARA DE BUGA;31;-;NO DESERTOR;NO;0;MAS DE 4 Y MENOS DE 6 SALARIOS MINIMOS;Si;50,95;1;5;4;1
10;20121;F;10;TULUÁ;28;-;NO DESERTOR;NO;2;MAS DE 2 Y MENOS DE 4 SALARIOS MINIMOS;Si;47,72;0;7;6;1
10;20121;F;8;TULUÁ;26;-;NO DESERTOR;NO;0;MAS DE 2 Y MENOS DE 4 SALARIOS MINIMOS;Si;59,4;0;5;4;1
10;20121;F;7;GUADALAJARA DE BUGA;26;-;NO DESERTOR;NO;0;MAS DE 6 Y MENOS DE 8 SALARIOS MINIMOS;Si;53,01;0;9;8;1
10;20121;F;2;TULUÁ;24;-;NO DESERTOR;NO;0;MAS DE 2 Y MENOS DE 4 SALARIOS MINIMOS;NO;60,99;0;5;4;1
10;20121;F;1;TULUÁ;22;-;NO DESERTOR;NO;0;DOS SALARIOS MÍNIMOS O MENOS;NO;52,33;1;3;3;0
10;20121;F;8;TULUÁ;26;-;NO DESERTOR;NO;0;DOS SALARIOS MÍNIMOS O MENOS;Si;55,76;0;7;6;1
10;20121;F;9;TULUÁ;27;-;NO DESERTOR;NO;0;MAS DE 2 Y MENOS DE 4 SALARIOS MINIMOS;NO;37,6;2;3;1;2
10;20121;F;4;TULUÁ;28;-;NO DESERTOR;NO;0;DOS SALARIOS MÍNIMOS O MENOS;NO;37,8;0;7;6;1
10;20121;M;4;RIOFRÍO;33;-;NO DESERTOR;SI;0;MAS DE 2 Y MENOS DE 4 SALARIOS MINIMOS;NO;47,76;1;6;5;1
10;20121;F;2;TULUÁ;25;INACTIVIDAD ACADEMICA;DESERTOR;NO;2;DOS SALARIOS MÍNIMOS O MENOS;NO;61,8;1;6;6;0
10;20121;M;1;BUGALAGRANDE;28;-;NO DESERTOR;NO;0;DOS SALARIOS MÍNIMOS O MENOS;NO;49,16;1;5;4;1
10;20121;F;3;GUADALAJARA DE BUGA;24;-;NO DESERTOR;NO;1;DOS SALARIOS MÍNIMOS O MENOS;NO;45,83;1;7;6;1
10;20121;F;3;ANDALUCÍA;27;-;NO DESERTOR;NO;0;DOS SALARIOS MÍNIMOS O MENOS;NO;42,41;0;6;5;1
10;20121;F;4;TULUÁ;23;-;NO DESERTOR;NO;0;DOS SALARIOS MÍNIMOS O MENOS;NO;44,75;0;5;4;1
10;20121;M;9;GUADALAJARA DE BUGA;28;-;NO DESERTOR;NO;0;DOS SALARIOS MÍNIMOS O MENOS;Si;41,49;1;2;1;1
10;20121;M;2;TULUÁ;23;-;NO DESERTOR;NO;0;MAS DE 2 Y MENOS DE 4 SALARIOS MINIMOS;NO;65,39;0;4;3;1
10;20121;M;10;TULUÁ;27;-;NO DESERTOR;NO;1;DOS SALARIOS MÍNIMOS O MENOS;Si;58,88;0;6;5;1
10;20121;M;9;TULUÁ;26;-;NO DESERTOR;NO;0;MAS DE 2 Y MENOS DE 4 SALARIOS MINIMOS;Si;40,32;0;5;4;1
10;20121;F;8;TULUÁ;29;-;NO DESERTOR;NO;0;NO DEFINIDO;Si;40;3;2;1;1
10;20121;F;6;BUGALAGRANDE;25;-;NO DESERTOR;NO;0;DOS SALARIOS MÍNIMOS O MENOS;NO;51,09;0;5;4;1
10;20121;F;3;ANDALUCÍA;24;-;NO DESERTOR;NO;0;DOS SALARIOS MÍNIMOS O MENOS;NO;67,5;0;6;5;1
10;20121;F;1;TULUÁ;23;-;NO DESERTOR;NO;0;DOS SALARIOS MÍNIMOS O MENOS;NO;58,43;0;7;6;1
10;20121;F;2;TULUÁ;21;-;NO DESERTOR;NO;0;DOS SALARIOS MÍNIMOS O MENOS;NO;42,9;0;4;3;1
10;20121;M;2;JAMUNDÍ;24;-;NO DESERTOR;NO;0;DOS SALARIOS MÍNIMOS O MENOS;NO;46,09;1;4;4;0
10;20121;M;9;TULUÁ;36;-;NO DESERTOR;NO;0;NO DEFINIDO;Si;46,88;0;2;1;1
10;20121;M;3;TULUÁ;23;-;NO DESERTOR;NO;0;MAS DE 2 Y MENOS DE 4 SALARIOS MINIMOS;NO;61,42;1;6;5;1
10;20121;M;3;TRUJILLO;23;-;NO DESERTOR;NO;0;MAS DE 2 Y MENOS DE 4 SALARIOS MINIMOS;NO;54,77;1;6;5;1
10;20121;F;10;FUNES;27;-;NO DESERTOR;NO;0;MAS DE 2 Y MENOS DE 4 SALARIOS MINIMOS;Si;56;0;6;5;1
10;20121;F;4;TULUÁ;23;-;NO DESERTOR;NO;0;DOS SALARIOS MÍNIMOS O MENOS;NO;48,31;0;6;5;1
10;20121;M;10;BUENAVENTURA;29;-;NO DESERTOR;NO;0;NO DEFINIDO;Si;45,45;2;2;1;1
10;20121;M;8;TULUÁ;28;-;NO DESERTOR;NO;0;NO DEFINIDO;Si;56,83;1;2;1;1
10;20121;M;2;TULUÁ;23;INACTIVIDAD ACADEMICA;DESERTOR;NO;1;MAS DE 2 Y MENOS DE 4 SALARIOS MINIMOS;NO;49,33;1;5;5;0
10;20121;M;10;TULUÁ;27;-;NO DESERTOR;NO;0;DOS SALARIOS MÍNIMOS O MENOS;NO;46,28;0;6;5;1
10;20121;M;6;GUADALAJARA DE BUGA;24;-;NO DESERTOR;NO;0;MAS DE 6 Y MENOS DE 8 SALARIOS MINIMOS;NO;55,22;0;5;4;1
10;20121;M;6;TULUÁ;25;-;NO DESERTOR;NO;0;MAS DE 2 Y MENOS DE 4 SALARIOS MINIMOS;NO;68,13;0;3;2;1
10;20121;M;2;TULUÁ;22;-;NO DESERTOR;NO;0;DOS SALARIOS MÍNIMOS O MENOS;NO;55,68;0;5;4;1
10;20121;M;9;TRUJILLO;27;-;NO DESERTOR;NO;0;DOS SALARIOS MÍNIMOS O MENOS;NO;51,68;0;5;4;1
10;20121;M;2;TULUÁ;21;-;NO DESERTOR;NO;0;MAS DE 6 Y MENOS DE 8 SALARIOS MINIMOS;NO;54,94;1;4;4;0
10;20121;M;1;ANDALUCÍA;22;-;NO DESERTOR;NO;0;DOS SALARIOS MÍNIMOS O MENOS;NO;56,26;0;6;4;2
10;20121;M;7;TULUÁ;28;-;NO DESERTOR;NO;0;MAS DE 2 Y MENOS DE 4 SALARIOS MINIMOS;NO;40;0;4;3;1
10;20121;M;8;TULUÁ;27;-;NO DESERTOR;NO;1;DOS SALARIOS MÍNIMOS O MENOS;Si;57,72;0;8;7;1
10;20121;F;4;TULUÁ;24;-;NO DESERTOR;SI;2;MAS DE 2 Y MENOS DE 4 SALARIOS MINIMOS;NO;54,97;0;6;5;1
10;20121;F;8;BUGALAGRANDE;25;-;NO DESERTOR;NO;1;MAS DE 2 Y MENOS DE 4 SALARIOS MINIMOS;Si;49,84;0;5;4;1
10;20121;M;2;TULUÁ;23;-;NO DESERTOR;NO;0;DOS SALARIOS MÍNIMOS O MENOS;NO;49,38;1;6;5;1
10;20121;M;4;GINEBRA;23;-;NO DESERTOR;NO;0;DOS SALARIOS MÍNIMOS O MENOS;NO;59,83;0;6;5;1
10;20121;M;2;TULUÁ;23;-;NO DESERTOR;NO;1;DOS SALARIOS MÍNIMOS O MENOS;NO;55,91;0;5;4;1
10;20121;M;11;TULUÁ;28;-;NO DESERTOR;SI;1;MAS DE 2 Y MENOS DE 4 SALARIOS MINIMOS;NO;47,28;1;2;1;1
10;20121;M;2;TULUÁ;27;-;NO DESERTOR;NO;0;DOS SALARIOS MÍNIMOS O MENOS;NO;48,08;0;2;1;1
10;20121;M;3;LA DORADA;27;-;NO DESERTOR;NO;0;DOS SALARIOS MÍNIMOS O MENOS;NO;53,18;0;8;6;2
10;20121;M;10;TULUÁ;26;-;NO DESERTOR;NO;0;MAS DE 2 Y MENOS DE 4 SALARIOS MINIMOS;Si;49,68;1;6;5;1
10;20121;M;4;ANDALUCÍA;24;-;NO DESERTOR;NO;2;MAS DE 8 SALARIOS MINIMOS;NO;49,08;1;8;7;1
10;20121;M;3;CALI;24;-;NO DESERTOR;NO;0;MAS DE 4 Y MENOS DE 6 SALARIOS MINIMOS;NO;52,27;0;7;6;1
10;20121;F;10;BUENAVENTURA;26;-;NO DESERTOR;SI;3;DOS SALARIOS MÍNIMOS O MENOS;Si;45,96;2;5;4;1
10;20121;F;9;BUENAVENTURA;25;-;NO DESERTOR;NO;0;DOS SALARIOS MÍNIMOS O MENOS;NO;40,56;1;8;7;1
10;20121;F;2;TULUÁ;23;-;NO DESERTOR;NO;0;MAS DE 2 Y MENOS DE 4 SALARIOS MINIMOS;NO;51,45;0;5;4;1
10;20121;F;1;TULUÁ;24;-;NO DESERTOR;NO;0;MAS DE 2 Y MENOS DE 4 SALARIOS MINIMOS;NO;46,54;0;4;3;1
10;20121;F;5;TULUÁ;25;-;NO DESERTOR;NO;0;DOS SALARIOS MÍNIMOS O MENOS;NO;53,98;0;8;7;1
10;20121;M;2;GUADALAJARA DE BUGA;23;-;NO DESERTOR;NO;0;MAS DE 2 Y MENOS DE 4 SALARIOS MINIMOS;NO;58,09;0;5;4;1
10;20121;M;6;TULUÁ;26;-;NO DESERTOR;NO;0;MAS DE 6 Y MENOS DE 8 SALARIOS MINIMOS;NO;46,06;0;3;2;1
10;20121;F;8;TULUÁ;26;-;NO DESERTOR;NO;0;MAS DE 2 Y MENOS DE 4 SALARIOS MINIMOS;NO;52,16;0;8;7;1
10;20121;F;6;BUGALAGRANDE;24;-;NO DESERTOR;NO;0;MAS DE 2 Y MENOS DE 4 SALARIOS MINIMOS;NO;56,3;0;4;3;1
10;20121;F;3;TULUÁ;22;-;NO DESERTOR;NO;0;DOS SALARIOS MÍNIMOS O MENOS;NO;48,03;0;4;3;1
10;20121;F;2;TULUÁ;24;-;NO DESERTOR;NO;0;MAS DE 6 Y MENOS DE 8 SALARIOS MINIMOS;NO;54,97;0;4;3;1
10;20121;F;1;TULUÁ;22;-;NO DESERTOR;NO;0;MAS DE 6 Y MENOS DE 8 SALARIOS MINIMOS;NO;52,04;0;5;4;1
10;20121;F;2;TULUÁ;23;-;NO DESERTOR;NO;0;DOS SALARIOS MÍNIMOS O MENOS;NO;64,81;0;4;3;1
10;20121;F;4;TULUÁ;25;-;NO DESERTOR;NO;0;MAS DE 2 Y MENOS DE 4 SALARIOS MINIMOS;NO;48,93;0;4;3;1
10;20121;F;2;TULUÁ;22;-;NO DESERTOR;NO;0;DOS SALARIOS MÍNIMOS O MENOS;NO;47,65;0;5;4;1
10;20121;F;1;GUACARÍ;21;-;NO DESERTOR;NO;1;DOS SALARIOS MÍNIMOS O MENOS;NO;65,02;0;8;6;2
10;20121;F;5;ANDALUCÍA;24;-;NO DESERTOR;NO;0;DOS SALARIOS MÍNIMOS O MENOS;NO;54,67;0;10;9;1
10;20121;F;4;TULUÁ;24;-;NO DESERTOR;NO;0;DOS SALARIOS MÍNIMOS O MENOS;NO;49,68;1;6;5;1
10;20121;F;10;TULUÁ;27;-;NO DESERTOR;NO;0;DOS SALARIOS MÍNIMOS O MENOS;Si;44,36;0;6;5;1
10;20121;M;3;ANDALUCÍA;23;-;NO DESERTOR;NO;2;MAS DE 2 Y MENOS DE 4 SALARIOS MINIMOS;NO;43,72;0;6;5;1
10;20121;M;2;TULUÁ;22;-;NO DESERTOR;NO;0;MAS DE 2 Y MENOS DE 4 SALARIOS MINIMOS;Si;55,31;0;7;5;2
10;20121;F;3;TULUÁ;24;-;NO DESERTOR;NO;0;MAS DE 2 Y MENOS DE 4 SALARIOS MINIMOS;Si;44,13;0;6;5;1
10;20121;M;9;TULUÁ;26;-;NO DESERTOR;NO;0;MAS DE 2 Y MENOS DE 4 SALARIOS MINIMOS;Si;49,68;0;7;6;1
10;20121;M;7;TULUÁ;27;-;NO DESERTOR;NO;2;DOS SALARIOS MÍNIMOS O MENOS;NO;47,2;0;4;3;1
9;20121;F;10;TRUJILLO;29;-;NO DESERTOR;NO;0;NO DEFINIDO;NO;41,77;0;3;1;2
9;20121;M;10;BARRAGAN;27;INACTIVIDAD ACADEMICA;DESERTOR;NO;2;DOS SALARIOS MÍNIMOS O MENOS;NO;42,44;0;2;1;1
9;20121;M;4;TULUÁ;40;-;NO DESERTOR;SI;1;MAS DE 2 Y MENOS DE 4 SALARIOS MINIMOS;NO;56,52;1;7;6;1
9;20121;M;8;BUGALAGRANDE;28;INACTIVIDAD ACADEMICA;DESERTOR;NO;0;DOS SALARIOS MÍNIMOS O MENOS;NO;46;3;2;1;1
9;20121;F;9;TULUÁ;27;-;NO DESERTOR;NO;0;MAS DE 2 Y MENOS DE 4 SALARIOS MINIMOS;NO;52,6;0;5;4;1
9;20121;M;5;TULUÁ;30;INACTIVIDAD ACADEMICA;DESERTOR;NO;0;DOS SALARIOS MÍNIMOS O MENOS;NO;44,44;1;2;1;1
9;20121;F;7;TULUÁ;26;-;NO DESERTOR;NO;0;MAS DE 2 Y MENOS DE 4 SALARIOS MINIMOS;NO;60,32;0;7;6;1
9;20121;M;9;ANDALUCÍA;27;-;NO DESERTOR;NO;0;DOS SALARIOS MÍNIMOS O MENOS;NO;47,72;0;6;5;1
9;20121;M;4;TULUÁ;26;-;NO DESERTOR;NO;0;DOS SALARIOS MÍNIMOS O MENOS;NO;59,41;1;5;4;1
9;20121;M;1;TULUÁ;23;-;NO DESERTOR;NO;2;MAS DE 2 Y MENOS DE 4 SALARIOS MINIMOS;NO;52,71;0;4;3;1
9;20121;F;1;TULUÁ;23;-;NO DESERTOR;NO;0;DOS SALARIOS MÍNIMOS O MENOS;NO;56,71;0;5;4;1
9;20121;F;3;GUADALAJARA DE BUGA;31;INACTIVIDAD ACADEMICA;DESERTOR;NO;1;DOS SALARIOS MÍNIMOS O MENOS;NO;50,09;1;7;6;1
9;20121;M;5;TULUÁ;27;-;NO DESERTOR;NO;0;MAS DE 4 Y MENOS DE 6 SALARIOS MINIMOS;Si;44,76;1;2;1;1
9;20121;M;8;TULUÁ;28;-;NO DESERTOR;NO;0;MAS DE 8 SALARIOS MINIMOS;Si;43,72;0;7;6;1
9;20121;F;1;TULUÁ;28;INACTIVIDAD ACADEMICA;DESERTOR;SI;0;MAS DE 6 Y MENOS DE 8 SALARIOS MINIMOS;NO;54,19;0;6;5;1
9;20121;F;4;TULUÁ;24;-;NO DESERTOR;NO;0;MAS DE 2 Y MENOS DE 4 SALARIOS MINIMOS;Si;52,66;0;6;5;1
9;20121;F;7;TULUÁ;26;-;NO DESERTOR;NO;2;DOS SALARIOS MÍNIMOS O MENOS;NO;54,32;0;7;6;1
9;20121;M;6;GUADALAJARA DE BUGA;30;-;NO DESERTOR;NO;0;MAS DE 2 Y MENOS DE 4 SALARIOS MINIMOS;NO;46,07;1;7;6;1
9;20121;M;4;TULUÁ;25;-;NO DESERTOR;NO;0;MAS DE 6 Y MENOS DE 8 SALARIOS MINIMOS;Si;52,9;0;7;6;1
9;20051;M;1;TRUJILLO;35;-;NO DESERTOR;NO;0;NO DEFINIDO;Si;50,95;0;1;0;1
9;20051;M;11;TULUÁ;36;INACTIVIDAD ACADEMICA;DESERTOR;NO;0;NO DEFINIDO;NO;50,95;0;0;0;0
9;20121;M;8;TULUÁ;28;-;NO DESERTOR;NO;0;MAS DE 4 Y MENOS DE 6 SALARIOS MINIMOS;Si;48,44;1;5;4;1
9;20121;F;2;ANDALUCÍA;24;-;NO DESERTOR;NO;0;DOS SALARIOS MÍNIMOS O MENOS;NO;38,19;0;7;5;2
9;20121;F;2;BUGALAGRANDE;22;-;NO DESERTOR;NO;1;MAS DE 2 Y MENOS DE 4 SALARIOS MINIMOS;NO;42,97;1;4;4;0
9;20121;F;4;ANSERMA;26;INACTIVIDAD ACADEMICA;DESERTOR;NO;0;MAS DE 2 Y MENOS DE 4 SALARIOS MINIMOS;NO;47,44;0;2;1;1
9;20121;F;6;TULUÁ;25;-;NO DESERTOR;NO;0;MAS DE 2 Y MENOS DE 4 SALARIOS MINIMOS;Si;55,08;0;6;5;1
9;20121;F;3;TULUÁ;23;-;NO DESERTOR;NO;0;MAS DE 2 Y MENOS DE 4 SALARIOS MINIMOS;NO;46,74;0;8;7;1
9;20121;F;8;TULUÁ;26;-;NO DESERTOR;NO;0;MAS DE 4 Y MENOS DE 6 SALARIOS MINIMOS;Si;48,4;0;4;3;1
9;20121;F;3;TULUÁ;24;-;NO DESERTOR;NO;0;MAS DE 2 Y MENOS DE 4 SALARIOS MINIMOS;Si;55,64;0;6;5;1
9;20121;F;6;TULUÁ;27;-;NO DESERTOR;NO;0;MAS DE 2 Y MENOS DE 4 SALARIOS MINIMOS;Si;61,2;0;8;7;1
9;20121;F;5;TULUÁ;27;-;NO DESERTOR;SI;1;MAS DE 2 Y MENOS DE 4 SALARIOS MINIMOS;NO;54,43;0;5;4;1
9;20121;M;5;TULUÁ;25;-;NO DESERTOR;NO;0;MAS DE 2 Y MENOS DE 4 SALARIOS MINIMOS;Si;61,96;0;5;4;1
9;20121;M;4;TULUÁ;26;INACTIVIDAD ACADEMICA;DESERTOR;NO;0;MAS DE 6 Y MENOS DE 8 SALARIOS MINIMOS;NO;50,32;0;8;7;1
9;20121;M;3;TULUÁ;25;-;NO DESERTOR;NO;0;MAS DE 4 Y MENOS DE 6 SALARIOS MINIMOS;NO;45,52;1;8;7;1
9;20121;M;9;TULUÁ;26;-;NO DESERTOR;NO;0;MAS DE 4 Y MENOS DE 6 SALARIOS MINIMOS;Si;54,6;0;7;6;1
9;20121;F;4;TULUÁ;24;-;NO DESERTOR;NO;1;MAS DE 2 Y MENOS DE 4 SALARIOS MINIMOS;NO;56,76;0;5;5;0
9;20121;M;3;BUGALAGRANDE;27;-;NO DESERTOR;NO;0;DOS SALARIOS MÍNIMOS O MENOS;NO;46,81;1;9;7;2
9;20121;M;3;TULUÁ;27;-;NO DESERTOR;SI;1;MAS DE 2 Y MENOS DE 4 SALARIOS MINIMOS;Si;51,95;0;5;4;1
9;20121;M;9;GUADALAJARA DE BUGA;27;-;NO DESERTOR;NO;0;MAS DE 2 Y MENOS DE 4 SALARIOS MINIMOS;Si;46,48;1;2;1;1
9;20121;M;7;TRUJILLO;26;-;NO DESERTOR;NO;0;MAS DE 2 Y MENOS DE 4 SALARIOS MINIMOS;Si;56,24;0;7;6;1
9;20121;M;6;TULUÁ;28;-;NO DESERTOR;NO;0;DOS SALARIOS MÍNIMOS O MENOS;Si;49,26;0;9;8;1
9;20051;F;8;ANDALUCÍA;34;-;NO DESERTOR;NO;0;NO DEFINIDO;NO;50,95;0;1;0;1
9;20121;F;9;SEVILLA;28;-;NO DESERTOR;NO;0;NO DEFINIDO;NO;41,24;1;2;1;1
9;20121;F;9;ANDALUCÍA;25;-;NO DESERTOR;NO;0;MAS DE 2 Y MENOS DE 4 SALARIOS MINIMOS;NO;51,76;0;5;4;1
9;20121;F;9;TULUÁ;32;-;NO DESERTOR;NO;0;MAS DE 2 Y MENOS DE 4 SALARIOS MINIMOS;NO;42,17;1;5;4;1
9;20121;F;5;BUGALAGRANDE;24;-;NO DESERTOR;NO;0;MAS DE 2 Y MENOS DE 4 SALARIOS MINIMOS;NO;68,93;0;3;2;1
9;20121;M;8;ANDALUCÍA;27;-;NO DESERTOR;NO;0;DOS SALARIOS MÍNIMOS O MENOS;Si;50,95;0;1;0;1
9;20121;M;9;TULUÁ;26;-;NO DESERTOR;NO;0;MAS DE 2 Y MENOS DE 4 SALARIOS MINIMOS;Si;42,12;0;7;5;2
9;20121;M;1;ANDALUCÍA;29;-;NO DESERTOR;NO;0;MAS DE 2 Y MENOS DE 4 SALARIOS MINIMOS;NO;57,2;0;4;3;1
9;20121;M;1;TULUÁ;25;-;NO DESERTOR;NO;0;MAS DE 2 Y MENOS DE 4 SALARIOS MINIMOS;NO;52,33;0;5;4;1
9;20121;M;8;TULUÁ;26;-;NO DESERTOR;NO;0;DOS SALARIOS MÍNIMOS O MENOS;Si;54,56;0;7;6;1
9;20121;M;4;BUENAVENTURA;25;-;NO DESERTOR;NO;0;MAS DE 2 Y MENOS DE 4 SALARIOS MINIMOS;NO;46,95;1;5;4;1
9;20121;M;1;GUADALAJARA DE BUGA;22;-;NO DESERTOR;NO;0;DOS SALARIOS MÍNIMOS O MENOS;NO;60,19;0;6;5;1
9;20121;M;9;TULUÁ;30;-;NO DESERTOR;NO;0;MAS DE 4 Y MENOS DE 6 SALARIOS MINIMOS;Si;46,51;1;5;4;1
9;20121;M;2;TULUÁ;24;INACTIVIDAD ACADEMICA;DESERTOR;NO;2;DOS SALARIOS MÍNIMOS O MENOS;NO;46,01;1;3;3;0
9;20121;M;3;TULUÁ;26;INACTIVIDAD ACADEMICA;DESERTOR;NO;0;MAS DE 6 Y MENOS DE 8 SALARIOS MINIMOS;NO;47,24;0;5;5;0
9;20121;F;9;TULUÁ;26;-;NO DESERTOR;NO;0;DOS SALARIOS MÍNIMOS O MENOS;NO;48,64;1;6;5;1
9;20121;F;7;TULUÁ;25;-;NO DESERTOR;NO;1;DOS SALARIOS MÍNIMOS O MENOS;NO;57,92;0;8;7;1
9;20121;F;2;TULUÁ;24;-;NO DESERTOR;NO;0;MAS DE 2 Y MENOS DE 4 SALARIOS MINIMOS;NO;45,39;1;5;4;1
9;20121;M;7;BUGALAGRANDE;27;-;NO DESERTOR;NO;0;DOS SALARIOS MÍNIMOS O MENOS;Si;50;1;6;5;1
9;20121;F;7;TULUÁ;25;-;NO DESERTOR;NO;0;MAS DE 2 Y MENOS DE 4 SALARIOS MINIMOS;Si;59,12;0;5;4;1
9;20121;M;1;TULUÁ;25;INACTIVIDAD ACADEMICA;DESERTOR;NO;0;MAS DE 2 Y MENOS DE 4 SALARIOS MINIMOS;NO;59,65;0;5;4;1
9;20121;M;4;EL CERRITO;24;-;NO DESERTOR;NO;2;MAS DE 4 Y MENOS DE 6 SALARIOS MINIMOS;NO;61,24;1;6;5;1
9;20121;M;4;TULUÁ;25;INACTIVIDAD ACADEMICA;DESERTOR;NO;1;MAS DE 2 Y MENOS DE 4 SALARIOS MINIMOS;NO;33,39;0;6;5;1
9;20121;M;2;TULUÁ;26;-;NO DESERTOR;NO;0;MAS DE 2 Y MENOS DE 4 SALARIOS MINIMOS;NO;32,82;1;3;3;0
9;20121;M;3;TULUÁ;24;-;NO DESERTOR;NO;1;DOS SALARIOS MÍNIMOS O MENOS;NO;51,17;0;4;3;1
9;20121;M;7;TULUÁ;27;-;NO DESERTOR;NO;0;MAS DE 4 Y MENOS DE 6 SALARIOS MINIMOS;Si;54,16;0;7;6;1
9;20121;M;7;TULUÁ;26;-;NO DESERTOR;NO;1;MAS DE 4 Y MENOS DE 6 SALARIOS MINIMOS;NO;55,8;1;5;4;1
9;20121;M;9;TULUÁ;31;-;NO DESERTOR;NO;2;DOS SALARIOS MÍNIMOS O MENOS;Si;50,95;0;3;2;1
9;20121;M;10;GUADALAJARA DE BUGA;28;-;NO DESERTOR;NO;0;DOS SALARIOS MÍNIMOS O MENOS;Si;46,16;0;2;1;1
9;20121;F;2;TULUÁ;25;-;NO DESERTOR;NO;1;MAS DE 2 Y MENOS DE 4 SALARIOS MINIMOS;NO;40,27;1;4;3;1
9;20121;F;10;TULUÁ;31;-;NO DESERTOR;NO;0;DOS SALARIOS MÍNIMOS O MENOS;Si;46,78;2;3;2;1
9;20121;F;3;BUGALAGRANDE;26;-;NO DESERTOR;NO;0;DOS SALARIOS MÍNIMOS O MENOS;Si;51,44;1;6;5;1
9;20121;F;3;TULUÁ;24;-;NO DESERTOR;NO;2;DOS SALARIOS MÍNIMOS O MENOS;Si;48,41;0;7;6;1
9;20121;F;7;TRUJILLO;28;-;NO DESERTOR;NO;0;DOS SALARIOS MÍNIMOS O MENOS;Si;49,24;0;7;6;1
9;20121;F;7;TULUÁ;25;-;NO DESERTOR;NO;0;MAS DE 2 Y MENOS DE 4 SALARIOS MINIMOS;Si;60,28;0;4;3;1
9;20121;M;7;LA UNIÓN;29;INACTIVIDAD ACADEMICA;DESERTOR;NO;0;MAS DE 4 Y MENOS DE 6 SALARIOS MINIMOS;NO;39,92;1;2;1;1
9;20121;M;6;TULUÁ;30;-;NO DESERTOR;NO;0;MAS DE 4 Y MENOS DE 6 SALARIOS MINIMOS;NO;45,69;1;2;1;1
9;20121;M;7;TULUÁ;30;-;NO DESERTOR;NO;0;MAS DE 2 Y MENOS DE 4 SALARIOS MINIMOS;NO;47,54;3;2;1;1
9;20121;M;2;GUADALAJARA DE BUGA;25;-;NO DESERTOR;NO;2;DOS SALARIOS MÍNIMOS O MENOS;NO;48,4;1;5;4;1
9;20121;M;8;ANDALUCÍA;28;INACTIVIDAD ACADEMICA;DESERTOR;NO;0;NO DEFINIDO;NO;52,6;1;2;1;1
9;20121;M;9;AIPE;31;-;NO DESERTOR;NO;0;DOS SALARIOS MÍNIMOS O MENOS;Si;49,26;0;2;1;1
9;20121;M;4;TULUÁ;25;-;NO DESERTOR;NO;2;MAS DE 2 Y MENOS DE 4 SALARIOS MINIMOS;NO;61,03;1;6;5;1
9;20121;F;2;BUENAVENTURA;33;INACTIVIDAD ACADEMICA;DESERTOR;NO;0;MAS DE 2 Y MENOS DE 4 SALARIOS MINIMOS;NO;46,12;1;6;6;0
9;20121;M;9;BUENAVENTURA;30;-;NO DESERTOR;NO;0;DOS SALARIOS MÍNIMOS O MENOS;NO;50,95;2;2;1;1
9;20121;F;5;TULUÁ;24;-;NO DESERTOR;NO;0;MAS DE 6 Y MENOS DE 8 SALARIOS MINIMOS;NO;56,69;0;5;4;1
9;20121;M;1;GUADALAJARA DE BUGA;23;-;NO DESERTOR;NO;2;DOS SALARIOS MÍNIMOS O MENOS;NO;55,24;1;4;3;1
9;20121;M;8;TULUÁ;26;-;NO DESERTOR;NO;0;DOS SALARIOS MÍNIMOS O MENOS;NO;42,32;1;8;7;1
9;20121;M;6;TULUÁ;26;-;NO DESERTOR;NO;1;MAS DE 2 Y MENOS DE 4 SALARIOS MINIMOS;NO;50,84;0;6;5;1
9;20121;F;1;TULUÁ;24;-;NO DESERTOR;NO;0;DOS SALARIOS MÍNIMOS O MENOS;NO;48,64;1;5;4;1
9;20121;M;4;TULUÁ;30;-;NO DESERTOR;NO;0;MAS DE 2 Y MENOS DE 4 SALARIOS MINIMOS;NO;42,08;1;2;1;1
9;20121;F;1;TULUÁ;23;-;NO DESERTOR;NO;0;DOS SALARIOS MÍNIMOS O MENOS;NO;48,49;1;5;4;1
9;20121;M;2;BUGALAGRANDE;22;-;NO DESERTOR;NO;2;DOS SALARIOS MÍNIMOS O MENOS;NO;45,07;1;5;5;0
9;20121;M;2;TULUÁ;24;-;NO DESERTOR;NO;0;MAS DE 6 Y MENOS DE 8 SALARIOS MINIMOS;NO;48,43;1;4;4;0
9;20091;M;8;TULUÁ;29;-;NO DESERTOR;NO;0;NO DEFINIDO;Si;48,16;3;1;1;0
9;20121;M;9;TULUÁ;38;-;NO DESERTOR;NO;0;MAS DE 2 Y MENOS DE 4 SALARIOS MINIMOS;NO;50,6;0;5;4;1
9;20121;F;10;TULUÁ;28;-;NO DESERTOR;NO;2;MAS DE 4 Y MENOS DE 6 SALARIOS MINIMOS;Si;43,2;0;2;1;1
9;20121;M;1;GUACARÍ;27;-;NO DESERTOR;NO;0;MAS DE 2 Y MENOS DE 4 SALARIOS MINIMOS;NO;54,83;1;4;3;1
9;20121;M;7;TULUÁ;28;-;NO DESERTOR;NO;2;DOS SALARIOS MÍNIMOS O MENOS;NO;50,4;0;4;3;1
9;20121;M;4;GUADALAJARA DE BUGA;24;-;NO DESERTOR;NO;1;MAS DE 4 Y MENOS DE 6 SALARIOS MINIMOS;Si;60,39;0;6;5;1
9;20121;M;9;TULUÁ;28;-;NO DESERTOR;NO;0;DOS SALARIOS MÍNIMOS O MENOS;NO;56,8;1;6;5;1
9;20121;M;1;TULUÁ;28;-;NO DESERTOR;NO;1;NO DEFINIDO;Si;44,36;3;2;1;1
9;20121;M;7;TULUÁ;25;-;NO DESERTOR;NO;1;DOS SALARIOS MÍNIMOS O MENOS;Si;49,12;0;7;6;1
9;20121;M;3;ANDALUCÍA;28;INACTIVIDAD ACADEMICA;DESERTOR;NO;0;DOS SALARIOS MÍNIMOS O MENOS;NO;54,73;0;5;4;1
9;20121;F;4;TULUÁ;24;-;NO DESERTOR;NO;0;DOS SALARIOS MÍNIMOS O MENOS;NO;59,71;0;6;5;1
9;20121;F;4;RIOFRÍO;25;-;NO DESERTOR;NO;0;MAS DE 2 Y MENOS DE 4 SALARIOS MINIMOS;NO;41,75;0;5;4;1
9;20121;F;3;TULUÁ;23;-;NO DESERTOR;NO;0;DOS SALARIOS MÍNIMOS O MENOS;NO;50,12;0;7;6;1
9;20121;F;1;TULUÁ;22;-;NO DESERTOR;NO;0;MAS DE 2 Y MENOS DE 4 SALARIOS MINIMOS;NO;55,15;0;5;4;1
9;20121;F;1;TULUÁ;24;-;NO DESERTOR;NO;0;MAS DE 4 Y MENOS DE 6 SALARIOS MINIMOS;NO;49,56;0;5;4;1
9;20121;M;9;TULUÁ;28;-;NO DESERTOR;NO;0;NO DEFINIDO;Si;50,95;0;1;0;1
9;20121;M;8;GUADALAJARA DE BUGA;29;-;NO DESERTOR;NO;1;DOS SALARIOS MÍNIMOS O MENOS;NO;66,44;0;2;1;1
9;20121;M;2;ANDALUCÍA;23;-;NO DESERTOR;NO;0;MAS DE 2 Y MENOS DE 4 SALARIOS MINIMOS;NO;58,51;1;3;2;1
9;20121;M;8;TULUÁ;31;-;NO DESERTOR;NO;0;MAS DE 2 Y MENOS DE 4 SALARIOS MINIMOS;Si;46,17;1;6;5;1
9;20121;M;10;BUENAVENTURA;29;-;NO DESERTOR;NO;0;DOS SALARIOS MÍNIMOS O MENOS;Si;46,44;0;2;1;1
9;20121;M;3;TULUÁ;25;-;NO DESERTOR;NO;0;MAS DE 2 Y MENOS DE 4 SALARIOS MINIMOS;NO;52,87;0;5;4;1
9;20121;M;1;BUENAVENTURA;24;-;NO DESERTOR;NO;0;NO DEFINIDO;NO;57,15;0;6;5;1
9;20121;M;2;GUADALAJARA DE BUGA;24;INACTIVIDAD ACADEMICA;DESERTOR;SI;1;DOS SALARIOS MÍNIMOS O MENOS;NO;50,39;2;4;4;0
9;20121;M;2;PALMIRA;26;-;NO DESERTOR;NO;0;MAS DE 4 Y MENOS DE 6 SALARIOS MINIMOS;NO;46,24;0;9;6;3
9;20121;F;6;TULUÁ;27;-;NO DESERTOR;SI;0;DOS SALARIOS MÍNIMOS O MENOS;NO;48,4;0;7;6;1
9;20121;F;8;ROLDANILLO;26;-;NO DESERTOR;NO;0;MAS DE 4 Y MENOS DE 6 SALARIOS MINIMOS;NO;41,76;1;6;5;1
9;20121;F;1;TULUÁ;26;-;NO DESERTOR;NO;0;MAS DE 2 Y MENOS DE 4 SALARIOS MINIMOS;NO;48,38;0;6;4;2
9;20121;F;2;TULUÁ;26;-;NO DESERTOR;NO;1;DOS SALARIOS MÍNIMOS O MENOS;NO;42,76;1;4;3;1
9;20121;M;8;TULUÁ;29;-;NO DESERTOR;NO;3;MAS DE 4 Y MENOS DE 6 SALARIOS MINIMOS;Si;39,36;0;8;6;2
9;20121;M;9;YOTOCO;28;-;NO DESERTOR;NO;0;DOS SALARIOS MÍNIMOS O MENOS;NO;53,84;0;2;1;1
9;20121;M;1;BUENAVENTURA;22;-;NO DESERTOR;NO;0;DOS SALARIOS MÍNIMOS O MENOS;NO;48,11;1;6;5;1
9;20121;M;2;TULUÁ;25;-;NO DESERTOR;NO;2;MAS DE 2 Y MENOS DE 4 SALARIOS MINIMOS;NO;53,16;0;5;4;1
9;20121;M;1;TULUÁ;39;-;NO DESERTOR;NO;0;NO DEFINIDO;NO;50,95;0;1;0;1
9;20121;M;10;TULUÁ;28;-;NO DESERTOR;NO;2;DOS SALARIOS MÍNIMOS O MENOS;Si;41,48;0;2;1;1
9;20121;M;1;GUADALAJARA DE BUGA;23;-;NO DESERTOR;NO;1;MAS DE 2 Y MENOS DE 4 SALARIOS MINIMOS;NO;65,44;0;6;4;2
9;20121;M;9;ANDALUCÍA;27;-;NO DESERTOR;NO;1;DOS SALARIOS MÍNIMOS O MENOS;Si;50,28;1;2;1;1
9;20121;M;3;ANDALUCÍA;27;-;NO DESERTOR;NO;0;MAS DE 2 Y MENOS DE 4 SALARIOS MINIMOS;NO;58,65;1;4;3;1
9;20121;M;8;TULUÁ;27;-;NO DESERTOR;NO;0;MAS DE 2 Y MENOS DE 4 SALARIOS MINIMOS;Si;49,56;1;6;5;1
9;20121;M;7;TULUÁ;29;-;NO DESERTOR;NO;0;NO DEFINIDO;Si;56,52;3;2;1;1
9;20121;M;8;TULUÁ;27;-;NO DESERTOR;NO;2;DOS SALARIOS MÍNIMOS O MENOS;Si;48,08;0;5;4;1
9;20121;M;3;TULUÁ;24;-;NO DESERTOR;NO;2;MAS DE 2 Y MENOS DE 4 SALARIOS MINIMOS;Si;53,73;0;9;8;1
9;20121;M;2;TULUÁ;23;-;NO DESERTOR;NO;0;MAS DE 2 Y MENOS DE 4 SALARIOS MINIMOS;NO;51,05;1;4;3;1
9;20121;M;8;TULUÁ;25;-;NO DESERTOR;NO;0;DOS SALARIOS MÍNIMOS O MENOS;Si;48,12;0;5;4;1
9;20121;M;2;TULUÁ;23;-;NO DESERTOR;NO;0;MAS DE 2 Y MENOS DE 4 SALARIOS MINIMOS;Si;58,46;0;6;5;1
9;20121;M;2;GUADALAJARA DE BUGA;22;INACTIVIDAD ACADEMICA;DESERTOR;NO;0;MAS DE 2 Y MENOS DE 4 SALARIOS MINIMOS;NO;47;1;3;3;0
9;20121;M;1;TULUÁ;24;-;NO DESERTOR;SI;0;MAS DE 2 Y MENOS DE 4 SALARIOS MINIMOS;NO;55,05;0;5;4;1
9;20121;M;1;TULUÁ;22;-;NO DESERTOR;NO;0;MAS DE 4 Y MENOS DE 6 SALARIOS MINIMOS;NO;49,97;1;6;5;1
9;20121;M;10;TULUÁ;27;-;NO DESERTOR;NO;0;DOS SALARIOS MÍNIMOS O MENOS;Si;40,44;3;2;1;1
9;20121;M;3;BUGALAGRANDE;24;-;NO DESERTOR;NO;0;MAS DE 2 Y MENOS DE 4 SALARIOS MINIMOS;NO;52,13;1;8;7;1
9;20121;M;2;GUADALAJARA DE BUGA;23;INACTIVIDAD ACADEMICA;DESERTOR;NO;0;DOS SALARIOS MÍNIMOS O MENOS;NO;59,93;0;2;2;0
9;20121;M;5;TULUÁ;24;-;NO DESERTOR;NO;0;MAS DE 6 Y MENOS DE 8 SALARIOS MINIMOS;Si;52,73;0;5;4;1
9;20121;M;4;TULUÁ;31;-;NO DESERTOR;NO;1;NO DEFINIDO;NO;48,73;1;3;1;2
9;20121;M;9;TULUÁ;30;-;NO DESERTOR;NO;0;NO DEFINIDO;Si;45,56;2;3;2;1
9;20121;M;10;TULUÁ;28;-;NO DESERTOR;NO;1;MAS DE 2 Y MENOS DE 4 SALARIOS MINIMOS;Si;49,84;0;4;2;2
9;20121;M;10;TULUÁ;27;-;NO DESERTOR;NO;0;MAS DE 6 Y MENOS DE 8 SALARIOS MINIMOS;Si;50,08;0;3;2;1
9;20121;M;9;TULUÁ;30;-;NO DESERTOR;NO;0;MAS DE 2 Y MENOS DE 4 SALARIOS MINIMOS;Si;52,2;0;6;5;1
9;20121;M;8;TULUÁ;25;-;NO DESERTOR;NO;1;MAS DE 2 Y MENOS DE 4 SALARIOS MINIMOS;NO;53,72;0;7;6;1
9;20121;M;7;TULUÁ;25;-;NO DESERTOR;NO;0;DOS SALARIOS MÍNIMOS O MENOS;Si;56,32;0;4;3;1
9;20121;M;4;GUADALAJARA DE BUGA;24;-;NO DESERTOR;NO;2;DOS SALARIOS MÍNIMOS O MENOS;NO;51,89;0;10;9;1
9;20121;M;5;TULUÁ;25;-;NO DESERTOR;NO;0;DOS SALARIOS MÍNIMOS O MENOS;NO;60,51;0;6;5;1
9;20121;M;1;GUADALAJARA DE BUGA;28;INACTIVIDAD ACADEMICA;DESERTOR;NO;1;DOS SALARIOS MÍNIMOS O MENOS;NO;57,83;0;7;5;2
9;20121;M;4;GUADALAJARA DE BUGA;24;-;NO DESERTOR;NO;0;NO DEFINIDO;Si;50,95;0;7;6;1
9;20121;M;1;TULUÁ;23;-;NO DESERTOR;NO;0;MAS DE 4 Y MENOS DE 6 SALARIOS MINIMOS;NO;67,02;1;6;5;1
9;20121;M;1;TULUÁ;21;-;NO DESERTOR;NO;0;MAS DE 2 Y MENOS DE 4 SALARIOS MINIMOS;NO;47,93;0;6;5;1
9;20051;M;10;BUGALAGRANDE;29;-;NO DESERTOR;NO;0;NO DEFINIDO;Si;49,33;0;2;1;1
9;20121;M;4;TULUÁ;28;INACTIVIDAD ACADEMICA;DESERTOR;NO;0;DOS SALARIOS MÍNIMOS O MENOS;NO;43,56;2;2;1;1
9;20121;M;10;GUADALAJARA DE BUGA;28;-;NO DESERTOR;NO;0;DOS SALARIOS MÍNIMOS O MENOS;Si;53,45;0;2;1;1
9;20121;M;2;TULUÁ;24;-;NO DESERTOR;NO;0;DOS SALARIOS MÍNIMOS O MENOS;NO;61,07;1;6;5;1
9;20121;M;1;GUADALAJARA DE BUGA;25;INACTIVIDAD ACADEMICA;DESERTOR;NO;0;DOS SALARIOS MÍNIMOS O MENOS;NO;56,69;1;4;4;0
9;20121;M;7;ANDALUCÍA;25;-;NO DESERTOR;NO;0;MAS DE 2 Y MENOS DE 4 SALARIOS MINIMOS;Si;39,48;1;6;5;1
9;20121;M;3;TULUÁ;25;-;NO DESERTOR;NO;1;MAS DE 4 Y MENOS DE 6 SALARIOS MINIMOS;NO;52,08;1;4;3;1
9;20121;M;1;TULUÁ;23;-;NO DESERTOR;NO;0;MAS DE 4 Y MENOS DE 6 SALARIOS MINIMOS;NO;50,11;2;4;3;1
9;20121;M;5;GUADALAJARA DE BUGA;29;-;NO DESERTOR;NO;3;MAS DE 6 Y MENOS DE 8 SALARIOS MINIMOS;Si;48,94;0;5;4;1
9;20121;M;1;TULUÁ;26;-;NO DESERTOR;NO;0;MAS DE 2 Y MENOS DE 4 SALARIOS MINIMOS;Si;46,4;0;5;4;1
9;20121;M;1;TRUJILLO;22;-;NO DESERTOR;NO;0;MAS DE 2 Y MENOS DE 4 SALARIOS MINIMOS;NO;56,55;0;5;4;1
9;20121;M;1;TULUÁ;23;-;NO DESERTOR;NO;0;MAS DE 2 Y MENOS DE 4 SALARIOS MINIMOS;NO;52,14;1;6;5;1
9;20121;M;3;TULUÁ;23;-;NO DESERTOR;NO;1;MAS DE 2 Y MENOS DE 4 SALARIOS MINIMOS;Si;51,56;0;7;6;1
9;20121;M;1;ROLDANILLO;22;-;NO DESERTOR;NO;2;DOS SALARIOS MÍNIMOS O MENOS;NO;58,32;0;1;1;0
9;20121;M;1;TULUÁ;23;-;NO DESERTOR;NO;0;MAS DE 4 Y MENOS DE 6 SALARIOS MINIMOS;NO;56,17;2;3;3;0
9;20121;M;2;TULUÁ;34;-;NO DESERTOR;SI;3;MAS DE 2 Y MENOS DE 4 SALARIOS MINIMOS;NO;49,18;0;4;3;1
9;20121;M;7;TULUÁ;28;-;NO DESERTOR;NO;0;NO DEFINIDO;Si;50,95;0;2;1;1
9;20121;M;8;MEDELLÍN;28;-;NO DESERTOR;NO;0;MAS DE 2 Y MENOS DE 4 SALARIOS MINIMOS;NO;43,56;1;5;4;1
9;20121;M;4;TULUÁ;30;-;NO DESERTOR;NO;1;DOS SALARIOS MÍNIMOS O MENOS;NO;48,31;0;7;6;1
9;20121;M;1;ANDALUCÍA;23;-;NO DESERTOR;NO;0;DOS SALARIOS MÍNIMOS O MENOS;NO;61,27;1;5;4;1
9;20121;M;10;TULUÁ;28;-;NO DESERTOR;NO;1;DOS SALARIOS MÍNIMOS O MENOS;Si;41,8;0;3;2;1
9;20121;M;7;TULUÁ;25;-;NO DESERTOR;NO;0;MAS DE 2 Y MENOS DE 4 SALARIOS MINIMOS;Si;54,88;0;4;3;1
9;20121;M;3;TULUÁ;28;-;NO DESERTOR;NO;0;MAS DE 4 Y MENOS DE 6 SALARIOS MINIMOS;Si;52,97;0;6;5;1
9;20121;M;2;BUENAVENTURA;23;-;NO DESERTOR;NO;0;DOS SALARIOS MÍNIMOS O MENOS;NO;52,92;0;8;5;3
9;20121;F;4;TULUÁ;28;INACTIVIDAD ACADEMICA;DESERTOR;NO;1;DOS SALARIOS MÍNIMOS O MENOS;NO;46,44;0;3;1;2
9;20121;F;9;TULUÁ;26;-;NO DESERTOR;NO;0;MAS DE 2 Y MENOS DE 4 SALARIOS MINIMOS;NO;51,32;0;6;5;1
9;20121;F;2;GUADALAJARA DE BUGA;29;-;NO DESERTOR;NO;0;DOS SALARIOS MÍNIMOS O MENOS;NO;53,12;0;3;1;2
9;20121;F;2;TULUÁ;22;-;NO DESERTOR;NO;0;MAS DE 2 Y MENOS DE 4 SALARIOS MINIMOS;Si;61,49;1;6;5;1
9;20121;M;7;TULUÁ;27;-;NO DESERTOR;NO;0;MAS DE 2 Y MENOS DE 4 SALARIOS MINIMOS;Si;47,56;1;7;6;1
9;20121;M;2;BUGALAGRANDE;22;-;NO DESERTOR;NO;0;MAS DE 2 Y MENOS DE 4 SALARIOS MINIMOS;NO;41,51;1;5;4;1
9;20121;M;1;TULUÁ;22;-;NO DESERTOR;NO;0;DOS SALARIOS MÍNIMOS O MENOS;NO;63,8;0;5;4;1
9;20121;M;1;TULUÁ;25;-;NO DESERTOR;NO;0;DOS SALARIOS MÍNIMOS O MENOS;NO;53,58;0;5;4;1
9;20121;M;3;GUADALAJARA DE BUGA;28;-;NO DESERTOR;SI;0;DOS SALARIOS MÍNIMOS O MENOS;NO;42,71;1;6;5;1
9;20121;M;4;ZANJÓN HONDO - GUADALAJARA DE BUGA;24;-;NO DESERTOR;NO;0;MAS DE 2 Y MENOS DE 4 SALARIOS MINIMOS;Si;54,32;0;4;3;1
9;20121;F;7;TULUÁ;27;-;NO DESERTOR;NO;2;DOS SALARIOS MÍNIMOS O MENOS;Si;47,44;0;8;7;1
9;20121;M;7;GUADALAJARA DE BUGA;26;-;NO DESERTOR;NO;1;MAS DE 2 Y MENOS DE 4 SALARIOS MINIMOS;Si;50,4;0;4;3;1
9;20121;F;7;GINEBRA;27;-;NO DESERTOR;NO;0;DOS SALARIOS MÍNIMOS O MENOS;Si;51,48;1;5;4;1
9;20121;F;3;BUENAVENTURA;23;-;NO DESERTOR;NO;0;DOS SALARIOS MÍNIMOS O MENOS;Si;49,99;0;8;7;1
9;20121;F;1;RIOFRÍO;22;-;NO DESERTOR;NO;0;DOS SALARIOS MÍNIMOS O MENOS;NO;51,53;0;5;4;1
9;20121;F;1;BUGALAGRANDE;22;-;NO DESERTOR;NO;0;MAS DE 4 Y MENOS DE 6 SALARIOS MINIMOS;NO;56,54;0;6;5;1
9;20121;F;1;GUADALAJARA DE BUGA;22;-;NO DESERTOR;NO;0;MAS DE 2 Y MENOS DE 4 SALARIOS MINIMOS;NO;58,2;0;4;3;1
9;20121;F;2;ROLDANILLO;26;-;NO DESERTOR;NO;0;MAS DE 4 Y MENOS DE 6 SALARIOS MINIMOS;NO;50,21;0;4;3;1
9;20121;M;3;GUADALAJARA DE BUGA;25;-;NO DESERTOR;NO;3;DOS SALARIOS MÍNIMOS O MENOS;NO;47,42;1;7;5;2
9;20121;M;4;TULUÁ;26;INACTIVIDAD ACADEMICA;DESERTOR;NO;0;MAS DE 4 Y MENOS DE 6 SALARIOS MINIMOS;NO;43,11;1;7;6;1
9;20121;M;9;BUENAVENTURA;29;-;NO DESERTOR;NO;2;DOS SALARIOS MÍNIMOS O MENOS;Si;37,36;1;2;1;1
9;20051;M;10;GUADALAJARA DE BUGA;28;-;NO DESERTOR;NO;0;NO DEFINIDO;Si;55,99;0;3;2;1
9;20121;M;9;TULUÁ;27;-;NO DESERTOR;NO;3;DOS SALARIOS MÍNIMOS O MENOS;Si;38,56;0;2;1;1
9;20121;F;7;ROLDANILLO;30;INACTIVIDAD ACADEMICA;DESERTOR;NO;1;MAS DE 4 Y MENOS DE 6 SALARIOS MINIMOS;NO;52,15;0;7;6;1
9;20121;F;7;TULUÁ;26;-;NO DESERTOR;NO;2;MAS DE 2 Y MENOS DE 4 SALARIOS MINIMOS;NO;37,24;1;5;4;1
9;20121;F;3;TULUÁ;25;-;NO DESERTOR;NO;0;DOS SALARIOS MÍNIMOS O MENOS;NO;51,24;0;4;3;1
9;20121;F;11;ANDALUCÍA;26;-;NO DESERTOR;NO;0;MAS DE 2 Y MENOS DE 4 SALARIOS MINIMOS;Si;46,28;1;4;3;1
9;20121;F;2;TULUÁ;25;-;NO DESERTOR;NO;0;MAS DE 2 Y MENOS DE 4 SALARIOS MINIMOS;NO;56,15;1;6;5;1
9;20121;F;4;TULUÁ;26;INACTIVIDAD ACADEMICA;DESERTOR;NO;1;MAS DE 6 Y MENOS DE 8 SALARIOS MINIMOS;NO;40,03;1;4;3;1
9;20121;F;9;TULUÁ;29;-;NO DESERTOR;NO;0;DOS SALARIOS MÍNIMOS O MENOS;Si;46,76;1;3;2;1
9;20121;F;4;TULUÁ;33;INACTIVIDAD ACADEMICA;DESERTOR;NO;0;NO DEFINIDO;NO;50,95;0;5;4;1
9;20121;F;8;TULUÁ;27;-;NO DESERTOR;NO;0;MAS DE 2 Y MENOS DE 4 SALARIOS MINIMOS;Si;41,16;1;6;5;1
9;20121;M;9;GUADALAJARA DE BUGA;36;-;NO DESERTOR;NO;0;MAS DE 4 Y MENOS DE 6 SALARIOS MINIMOS;Si;45,74;4;3;2;1
9;20121;M;5;TULUÁ;26;-;NO DESERTOR;NO;0;DOS SALARIOS MÍNIMOS O MENOS;Si;53,45;0;5;4;1
9;20121;M;7;TULUÁ;28;-;NO DESERTOR;NO;0;DOS SALARIOS MÍNIMOS O MENOS;Si;48,64;0;5;4;1
9;20121;F;7;TULUÁ;28;INACTIVIDAD ACADEMICA;DESERTOR;NO;2;DOS SALARIOS MÍNIMOS O MENOS;NO;42,36;0;7;6;1
9;20121;F;10;TULUÁ;33;-;NO DESERTOR;NO;0;NO DEFINIDO;NO;50,95;0;2;1;1
9;20121;F;8;TULUÁ;27;-;NO DESERTOR;NO;0;DOS SALARIOS MÍNIMOS O MENOS;Si;46,68;1;6;5;1
9;20121;F;7;TULUÁ;29;-;NO DESERTOR;NO;0;MAS DE 4 Y MENOS DE 6 SALARIOS MINIMOS;Si;57,15;0;6;5;1
9;20121;F;7;TULUÁ;26;-;NO DESERTOR;NO;0;MAS DE 2 Y MENOS DE 4 SALARIOS MINIMOS;Si;45,84;0;6;5;1
9;20121;F;8;TULUÁ;29;-;NO DESERTOR;NO;0;MAS DE 2 Y MENOS DE 4 SALARIOS MINIMOS;Si;41,88;1;6;5;1
9;20121;F;6;GUADALAJARA DE BUGA;26;-;NO DESERTOR;NO;0;MAS DE 2 Y MENOS DE 4 SALARIOS MINIMOS;Si;53,73;0;5;4;1
9;20121;F;7;TULUÁ;25;-;NO DESERTOR;NO;0;DOS SALARIOS MÍNIMOS O MENOS;Si;52,64;0;4;3;1
9;20121;F;1;ROLDANILLO;27;-;NO DESERTOR;NO;0;MAS DE 8 SALARIOS MINIMOS;NO;46,76;0;4;3;1
9;20121;F;9;TULUÁ;27;-;NO DESERTOR;NO;0;MAS DE 4 Y MENOS DE 6 SALARIOS MINIMOS;Si;53,32;0;8;7;1
9;20121;F;7;TRUJILLO;25;-;NO DESERTOR;NO;0;DOS SALARIOS MÍNIMOS O MENOS;Si;51,24;0;7;6;1
9;20121;F;5;BUENAVENTURA;24;-;NO DESERTOR;NO;2;MAS DE 2 Y MENOS DE 4 SALARIOS MINIMOS;Si;56,97;0;7;6;1
9;20121;F;1;GUADALAJARA DE BUGA;22;-;NO DESERTOR;NO;0;DOS SALARIOS MÍNIMOS O MENOS;NO;47,5;0;6;5;1
9;20121;F;9;TULUÁ;32;-;NO DESERTOR;NO;0;NO DEFINIDO;Si;50,95;2;3;2;1
9;20121;M;6;TULUÁ;27;CAMBIO DE CIUDAD;DESERTOR;NO;0;DOS SALARIOS MÍNIMOS O MENOS;NO;50,95;1;5;4;1
9;20121;M;7;TULUÁ;31;-;NO DESERTOR;NO;3;DOS SALARIOS MÍNIMOS O MENOS;Si;50,77;0;8;7;1
9;20121;M;10;TULUÁ;34;-;NO DESERTOR;NO;0;MAS DE 4 Y MENOS DE 6 SALARIOS MINIMOS;Si;47,51;0;2;1;1
9;20121;M;4;NEIVA;24;INACTIVIDAD ACADEMICA;DESERTOR;NO;0;MAS DE 2 Y MENOS DE 4 SALARIOS MINIMOS;NO;57,09;0;3;2;1
9;20121;M;1;TULUÁ;23;-;NO DESERTOR;NO;0;DOS SALARIOS MÍNIMOS O MENOS;Si;60,95;0;6;5;1
9;20121;M;10;TULUÁ;30;-;NO DESERTOR;NO;0;MAS DE 4 Y MENOS DE 6 SALARIOS MINIMOS;Si;46,22;0;2;1;1
9;20121;M;7;TULUÁ;29;-;NO DESERTOR;NO;0;MAS DE 2 Y MENOS DE 4 SALARIOS MINIMOS;Si;39,92;3;2;1;1
9;20121;M;8;TULUÁ;26;-;NO DESERTOR;NO;0;MAS DE 2 Y MENOS DE 4 SALARIOS MINIMOS;Si;54,72;0;5;3;2
9;20121;M;2;SAN PEDRO;25;-;NO DESERTOR;NO;0;MAS DE 2 Y MENOS DE 4 SALARIOS MINIMOS;NO;45,13;0;4;3;1
9;20121;M;1;TULUÁ;23;INACTIVIDAD ACADEMICA;DESERTOR;NO;0;MAS DE 2 Y MENOS DE 4 SALARIOS MINIMOS;NO;48,95;1;3;3;0
9;20121;F;1;TRUJILLO;25;-;NO DESERTOR;NO;0;DOS SALARIOS MÍNIMOS O MENOS;Si;42,22;0;5;4;1
9;20121;F;3;TULUÁ;23;-;NO DESERTOR;NO;0;DOS SALARIOS MÍNIMOS O MENOS;NO;56,58;0;8;8;0
9;20121;F;3;ANDALUCÍA;23;-;NO DESERTOR;NO;2;NO DEFINIDO;NO;54,89;0;5;4;1
9;20121;F;1;TULUÁ;23;-;NO DESERTOR;NO;0;MAS DE 2 Y MENOS DE 4 SALARIOS MINIMOS;NO;48,45;0;5;3;2
9;20121;F;10;BUENAVENTURA;26;-;NO DESERTOR;NO;0;NO DEFINIDO;NO;49,48;2;2;1;1
9;20121;F;3;TULUÁ;24;-;NO DESERTOR;NO;0;MAS DE 2 Y MENOS DE 4 SALARIOS MINIMOS;NO;45,12;1;5;4;1
9;20121;M;2;EL CERRITO;22;-;NO DESERTOR;NO;0;MAS DE 4 Y MENOS DE 6 SALARIOS MINIMOS;NO;49,7;1;6;5;1
9;20121;F;6;BUGALAGRANDE;25;INACTIVIDAD ACADEMICA;DESERTOR;NO;0;DOS SALARIOS MÍNIMOS O MENOS;NO;44,56;1;7;5;2
9;20121;F;7;TULUÁ;26;-;NO DESERTOR;NO;0;MAS DE 4 Y MENOS DE 6 SALARIOS MINIMOS;Si;53,08;0;5;4;1
9;20121;F;3;TULUÁ;24;-;NO DESERTOR;NO;0;DOS SALARIOS MÍNIMOS O MENOS;NO;55,79;0;8;7;1
9;20121;F;3;TULUÁ;24;-;NO DESERTOR;NO;0;MAS DE 2 Y MENOS DE 4 SALARIOS MINIMOS;NO;51,18;0;8;7;1
9;20121;F;9;GUADALAJARA DE BUGA;31;-;NO DESERTOR;NO;0;MAS DE 4 Y MENOS DE 6 SALARIOS MINIMOS;Si;50,95;1;5;4;1
9;20121;F;9;TULUÁ;28;-;NO DESERTOR;NO;2;MAS DE 2 Y MENOS DE 4 SALARIOS MINIMOS;Si;47,72;0;7;6;1
9;20121;F;7;TULUÁ;26;-;NO DESERTOR;NO;0;MAS DE 2 Y MENOS DE 4 SALARIOS MINIMOS;Si;59,4;0;5;4;1
9;20121;F;6;GUADALAJARA DE BUGA;26;-;NO DESERTOR;NO;0;MAS DE 6 Y MENOS DE 8 SALARIOS MINIMOS;Si;53,01;0;9;8;1
9;20121;F;1;TULUÁ;24;-;NO DESERTOR;NO;0;MAS DE 2 Y MENOS DE 4 SALARIOS MINIMOS;NO;60,99;0;5;4;1
9;20121;F;7;TULUÁ;26;-;NO DESERTOR;NO;0;DOS SALARIOS MÍNIMOS O MENOS;Si;55,76;0;7;6;1
9;20121;F;10;TULUÁ;27;-;NO DESERTOR;NO;0;MAS DE 2 Y MENOS DE 4 SALARIOS MINIMOS;NO;37,6;2;3;1;2
9;20121;F;7;TULUÁ;28;-;NO DESERTOR;NO;0;DOS SALARIOS MÍNIMOS O MENOS;NO;37,8;0;7;6;1
9;20121;F;4;TULUÁ;27;INACTIVIDAD ACADEMICA;DESERTOR;NO;0;MAS DE 2 Y MENOS DE 4 SALARIOS MINIMOS;NO;43,32;1;3;2;1
9;20121;F;8;GUADALAJARA DE BUGA;27;INACTIVIDAD ACADEMICA;DESERTOR;NO;0;DOS SALARIOS MÍNIMOS O MENOS;NO;54,8;0;7;6;1
9;20121;F;7;ANDALUCÍA;26;INACTIVIDAD ACADEMICA;DESERTOR;NO;0;DOS SALARIOS MÍNIMOS O MENOS;NO;37,4;1;8;8;0
9;20121;M;7;RIOFRÍO;33;-;NO DESERTOR;SI;0;MAS DE 2 Y MENOS DE 4 SALARIOS MINIMOS;NO;47,76;1;6;5;1
9;20121;F;2;TULUÁ;25;-;NO DESERTOR;NO;2;DOS SALARIOS MÍNIMOS O MENOS;NO;61,8;1;6;6;0
9;20121;F;2;GUADALAJARA DE BUGA;24;-;NO DESERTOR;NO;1;DOS SALARIOS MÍNIMOS O MENOS;NO;45,83;1;7;6;1
9;20121;F;2;ANDALUCÍA;27;-;NO DESERTOR;NO;0;DOS SALARIOS MÍNIMOS O MENOS;NO;42,41;0;6;5;1
9;20121;F;1;TULUÁ;29;INACTIVIDAD ACADEMICA;DESERTOR;NO;0;DOS SALARIOS MÍNIMOS O MENOS;NO;48,47;3;3;3;0
9;20121;F;3;TULUÁ;23;-;NO DESERTOR;NO;0;DOS SALARIOS MÍNIMOS O MENOS;NO;44,75;0;5;4;1
9;20121;M;9;GUADALAJARA DE BUGA;28;-;NO DESERTOR;NO;0;DOS SALARIOS MÍNIMOS O MENOS;Si;41,49;1;2;1;1
9;20121;M;2;ANDALUCÍA;26;INACTIVIDAD ACADEMICA;DESERTOR;NO;1;DOS SALARIOS MÍNIMOS O MENOS;NO;50,83;3;6;6;0
9;20121;M;1;TULUÁ;23;-;NO DESERTOR;NO;0;MAS DE 2 Y MENOS DE 4 SALARIOS MINIMOS;NO;65,39;0;4;3;1
9;20121;M;9;TULUÁ;27;-;NO DESERTOR;NO;1;DOS SALARIOS MÍNIMOS O MENOS;Si;58,88;0;6;5;1
9;20121;M;8;TULUÁ;26;-;NO DESERTOR;NO;0;MAS DE 2 Y MENOS DE 4 SALARIOS MINIMOS;Si;40,32;0;5;4;1
9;20121;F;7;TULUÁ;29;-;NO DESERTOR;NO;0;NO DEFINIDO;Si;40;3;2;1;1
9;20121;F;5;BUGALAGRANDE;25;-;NO DESERTOR;NO;0;DOS SALARIOS MÍNIMOS O MENOS;NO;51,09;0;5;4;1
9;20121;F;2;ANDALUCÍA;24;-;NO DESERTOR;NO;0;DOS SALARIOS MÍNIMOS O MENOS;NO;67,5;0;6;5;1
9;20121;F;10;ANDALUCÍA;31;-;NO DESERTOR;NO;0;DOS SALARIOS MÍNIMOS O MENOS;NO;41,76;0;2;1;1
9;20121;F;1;TULUÁ;21;-;NO DESERTOR;NO;0;DOS SALARIOS MÍNIMOS O MENOS;NO;42,9;0;4;3;1
9;20121;M;2;JAMUNDÍ;24;-;NO DESERTOR;NO;0;DOS SALARIOS MÍNIMOS O MENOS;NO;46,09;1;4;4;0
9;20121;M;8;TULUÁ;36;-;NO DESERTOR;NO;0;NO DEFINIDO;Si;46,88;0;2;1;1
9;20121;M;3;TULUÁ;23;-;NO DESERTOR;NO;0;MAS DE 2 Y MENOS DE 4 SALARIOS MINIMOS;NO;61,42;1;6;5;1
9;20121;M;3;TRUJILLO;23;-;NO DESERTOR;NO;0;MAS DE 2 Y MENOS DE 4 SALARIOS MINIMOS;NO;54,77;1;6;5;1
9;20121;F;9;FUNES;27;-;NO DESERTOR;NO;0;MAS DE 2 Y MENOS DE 4 SALARIOS MINIMOS;Si;56;0;6;5;1
9;20121;F;4;GUADALAJARA DE BUGA;25;INACTIVIDAD ACADEMICA;DESERTOR;NO;0;DOS SALARIOS MÍNIMOS O MENOS;NO;48,97;0;9;8;1
9;20121;F;3;TULUÁ;23;-;NO DESERTOR;NO;0;DOS SALARIOS MÍNIMOS O MENOS;NO;48,31;0;6;5;1
9;20051;M;10;RIOFRÍO;42;-;NO DESERTOR;NO;0;NO DEFINIDO;NO;50,95;1;2;1;1
9;20121;F;1;LA MARINA - TULUÁ;29;INACTIVIDAD ACADEMICA;DESERTOR;NO;1;MAS DE 4 Y MENOS DE 6 SALARIOS MINIMOS;NO;48,87;1;3;3;0
9;20121;M;9;BUENAVENTURA;29;-;NO DESERTOR;NO;0;NO DEFINIDO;Si;45,45;2;2;1;1
9;20121;M;7;TULUÁ;28;-;NO DESERTOR;NO;0;NO DEFINIDO;Si;56,83;1;2;1;1
9;20121;M;10;TULUÁ;27;-;NO DESERTOR;NO;0;MAS DE 2 Y MENOS DE 4 SALARIOS MINIMOS;Si;54,8;0;3;1;2
9;20121;M;10;BUENAVENTURA;26;-;NO DESERTOR;NO;0;DOS SALARIOS MÍNIMOS O MENOS;Si;43;1;2;1;1
9;20121;M;9;BUENAVENTURA;27;INACTIVIDAD ACADEMICA;DESERTOR;NO;0;MAS DE 2 Y MENOS DE 4 SALARIOS MINIMOS;NO;46,2;0;2;1;1
9;20121;M;1;TULUÁ;23;-;NO DESERTOR;NO;1;MAS DE 2 Y MENOS DE 4 SALARIOS MINIMOS;NO;49,33;1;5;5;0
9;20121;M;9;TULUÁ;27;-;NO DESERTOR;NO;0;DOS SALARIOS MÍNIMOS O MENOS;NO;46,28;0;6;5;1
9;20121;M;4;GUADALAJARA DE BUGA;24;-;NO DESERTOR;NO;0;MAS DE 6 Y MENOS DE 8 SALARIOS MINIMOS;NO;55,22;0;5;4;1
9;20121;M;5;TULUÁ;25;-;NO DESERTOR;NO;0;MAS DE 2 Y MENOS DE 4 SALARIOS MINIMOS;NO;68,13;0;3;2;1
9;20121;M;1;TULUÁ;22;-;NO DESERTOR;NO;0;DOS SALARIOS MÍNIMOS O MENOS;NO;55,68;0;5;4;1
9;20121;M;8;TRUJILLO;27;-;NO DESERTOR;NO;0;DOS SALARIOS MÍNIMOS O MENOS;NO;51,68;0;5;4;1
9;20121;M;1;TULUÁ;24;INACTIVIDAD ACADEMICA;DESERTOR;NO;2;MAS DE 4 Y MENOS DE 6 SALARIOS MINIMOS;NO;56,48;1;4;4;0
9;20121;M;1;TULUÁ;21;-;NO DESERTOR;NO;0;MAS DE 6 Y MENOS DE 8 SALARIOS MINIMOS;NO;54,94;1;4;4;0
9;20121;M;6;TULUÁ;28;-;NO DESERTOR;NO;0;MAS DE 2 Y MENOS DE 4 SALARIOS MINIMOS;NO;40;0;4;3;1
9;20121;M;7;TULUÁ;27;-;NO DESERTOR;NO;1;DOS SALARIOS MÍNIMOS O MENOS;Si;57,72;0;8;7;1
9;20121;F;3;TULUÁ;24;-;NO DESERTOR;SI;2;MAS DE 2 Y MENOS DE 4 SALARIOS MINIMOS;NO;54,97;0;6;5;1
9;20121;F;7;BUGALAGRANDE;25;-;NO DESERTOR;NO;1;MAS DE 2 Y MENOS DE 4 SALARIOS MINIMOS;Si;49,84;0;5;4;1
9;20121;M;2;TULUÁ;23;-;NO DESERTOR;NO;0;DOS SALARIOS MÍNIMOS O MENOS;NO;49,38;1;6;5;1
9;20121;M;3;GINEBRA;23;-;NO DESERTOR;NO;0;DOS SALARIOS MÍNIMOS O MENOS;NO;59,83;0;6;5;1
9;20121;M;1;TULUÁ;23;-;NO DESERTOR;NO;1;DOS SALARIOS MÍNIMOS O MENOS;NO;55,91;0;5;4;1
9;20121;M;10;TULUÁ;28;-;NO DESERTOR;SI;1;MAS DE 2 Y MENOS DE 4 SALARIOS MINIMOS;NO;47,28;1;2;1;1
9;20121;M;1;TULUÁ;27;-;NO DESERTOR;NO;0;DOS SALARIOS MÍNIMOS O MENOS;NO;48,08;0;2;1;1
9;20121;M;2;TULUÁ;25;INACTIVIDAD ACADEMICA;DESERTOR;NO;0;MAS DE 4 Y MENOS DE 6 SALARIOS MINIMOS;NO;51,79;1;3;3;0
9;20121;M;2;ANDALUCÍA;27;-;NO DESERTOR;NO;0;MAS DE 2 Y MENOS DE 4 SALARIOS MINIMOS;NO;43,34;1;4;3;1
9;20121;M;2;LA DORADA;27;-;NO DESERTOR;NO;0;DOS SALARIOS MÍNIMOS O MENOS;NO;53,18;0;8;6;2
9;20121;M;9;TULUÁ;26;-;NO DESERTOR;NO;0;MAS DE 2 Y MENOS DE 4 SALARIOS MINIMOS;Si;49,68;1;6;5;1
9;20121;M;4;ANDALUCÍA;24;-;NO DESERTOR;NO;2;MAS DE 8 SALARIOS MINIMOS;NO;49,08;1;8;7;1
9;20121;M;3;CALI;24;-;NO DESERTOR;NO;0;MAS DE 4 Y MENOS DE 6 SALARIOS MINIMOS;NO;52,27;0;7;6;1
9;20121;F;9;BUENAVENTURA;26;-;NO DESERTOR;SI;3;DOS SALARIOS MÍNIMOS O MENOS;Si;45,96;2;5;4;1
9;20121;F;8;BUENAVENTURA;25;-;NO DESERTOR;NO;0;DOS SALARIOS MÍNIMOS O MENOS;NO;40,56;1;8;7;1
9;20121;F;1;TULUÁ;23;-;NO DESERTOR;NO;0;MAS DE 2 Y MENOS DE 4 SALARIOS MINIMOS;NO;51,45;0;5;4;1
9;20121;F;2;TRUJILLO;30;-;NO DESERTOR;NO;3;MAS DE 4 Y MENOS DE 6 SALARIOS MINIMOS;NO;48,45;1;4;3;1
9;20121;F;2;TULUÁ;24;-;NO DESERTOR;NO;0;MAS DE 2 Y MENOS DE 4 SALARIOS MINIMOS;NO;46,54;0;4;3;1
9;20121;F;8;TULUÁ;28;INACTIVIDAD ACADEMICA;DESERTOR;NO;0;MAS DE 2 Y MENOS DE 4 SALARIOS MINIMOS;NO;45;0;2;1;1
9;20121;F;4;TULUÁ;25;-;NO DESERTOR;NO;0;DOS SALARIOS MÍNIMOS O MENOS;NO;53,98;0;8;7;1
9;20121;M;1;GUADALAJARA DE BUGA;23;-;NO DESERTOR;NO;0;MAS DE 2 Y MENOS DE 4 SALARIOS MINIMOS;NO;58,09;0;5;4;1
9;20121;M;5;TULUÁ;26;-;NO DESERTOR;NO;0;MAS DE 6 Y MENOS DE 8 SALARIOS MINIMOS;NO;46,06;0;3;2;1
9;20121;F;11;ANDALUCÍA;27;-;NO DESERTOR;NO;0;DOS SALARIOS MÍNIMOS O MENOS;NO;43,12;1;2;1;1
9;20121;F;7;TULUÁ;26;-;NO DESERTOR;NO;0;MAS DE 2 Y MENOS DE 4 SALARIOS MINIMOS;NO;52,16;0;8;7;1
9;20121;F;5;BUGALAGRANDE;24;-;NO DESERTOR;NO;0;MAS DE 2 Y MENOS DE 4 SALARIOS MINIMOS;NO;56,3;0;4;3;1
9;20121;F;2;TULUÁ;22;-;NO DESERTOR;NO;0;DOS SALARIOS MÍNIMOS O MENOS;NO;48,03;0;4;3;1
9;20121;F;1;TULUÁ;24;-;NO DESERTOR;NO;0;MAS DE 6 Y MENOS DE 8 SALARIOS MINIMOS;NO;54,97;0;4;3;1
9;20121;F;1;TULUÁ;22;-;NO DESERTOR;NO;0;MAS DE 6 Y MENOS DE 8 SALARIOS MINIMOS;NO;52,04;0;5;4;1
9;20121;F;1;TULUÁ;23;-;NO DESERTOR;NO;0;DOS SALARIOS MÍNIMOS O MENOS;NO;64,81;0;4;3;1
9;20121;F;2;SAN PEDRO;25;INACTIVIDAD ACADEMICA;DESERTOR;NO;0;DOS SALARIOS MÍNIMOS O MENOS;NO;45,05;1;5;4;1
9;20121;F;2;TULUÁ;25;INACTIVIDAD ACADEMICA;DESERTOR;NO;2;MAS DE 4 Y MENOS DE 6 SALARIOS MINIMOS;NO;50,95;0;7;4;3
9;20121;F;3;TULUÁ;25;-;NO DESERTOR;NO;0;MAS DE 2 Y MENOS DE 4 SALARIOS MINIMOS;NO;48,93;0;4;3;1
9;20121;F;1;TULUÁ;22;-;NO DESERTOR;NO;0;DOS SALARIOS MÍNIMOS O MENOS;NO;47,65;0;5;4;1
9;20121;F;3;ANDALUCÍA;24;-;NO DESERTOR;NO;0;DOS SALARIOS MÍNIMOS O MENOS;NO;54,67;0;10;9;1
9;20121;F;3;ANDALUCÍA;25;INACTIVIDAD ACADEMICA;DESERTOR;NO;0;DOS SALARIOS MÍNIMOS O MENOS;NO;43,04;1;6;5;1
9;20121;M;3;TULUÁ;25;INACTIVIDAD ACADEMICA;DESERTOR;NO;0;DOS SALARIOS MÍNIMOS O MENOS;NO;46,76;1;5;4;1
9;20121;M;8;BUENAVENTURA;31;INACTIVIDAD ACADEMICA;DESERTOR;NO;5;NO DEFINIDO;NO;38,05;2;2;1;1
9;20121;F;3;TULUÁ;24;-;NO DESERTOR;NO;0;DOS SALARIOS MÍNIMOS O MENOS;NO;49,68;1;6;5;1
9;20121;F;9;TULUÁ;27;-;NO DESERTOR;NO;0;DOS SALARIOS MÍNIMOS O MENOS;Si;44,36;0;6;5;1
9;20121;M;2;ANDALUCÍA;23;-;NO DESERTOR;NO;2;MAS DE 2 Y MENOS DE 4 SALARIOS MINIMOS;NO;43,72;0;6;5;1
9;20121;M;1;TULUÁ;22;-;NO DESERTOR;NO;0;MAS DE 2 Y MENOS DE 4 SALARIOS MINIMOS;Si;55,31;0;7;5;2
9;20121;F;2;TULUÁ;24;-;NO DESERTOR;NO;0;MAS DE 2 Y MENOS DE 4 SALARIOS MINIMOS;Si;44,13;0;6;5;1
9;20121;M;8;TULUÁ;26;-;NO DESERTOR;NO;0;MAS DE 2 Y MENOS DE 4 SALARIOS MINIMOS;Si;49,68;0;7;6;1
9;20121;M;5;TULUÁ;27;-;NO DESERTOR;NO;2;DOS SALARIOS MÍNIMOS O MENOS;NO;47,2;0;4;3;1
9;20121;F;10;ANDALUCÍA;31;-;NO DESERTOR;NO;0;DOS SALARIOS MÍNIMOS O MENOS;Si;50,68;0;2;1;1
9;20121;F;10;GUADALAJARA DE BUGA;27;-;NO DESERTOR;NO;0;MAS DE 4 Y MENOS DE 6 SALARIOS MINIMOS;Si;44,64;0;4;3;1
8;20121;F;7;TRUJILLO;29;-;NO DESERTOR;NO;0;NO DEFINIDO;NO;41,77;0;3;1;2
8;20121;M;9;BARRAGAN;27;-;NO DESERTOR;NO;2;DOS SALARIOS MÍNIMOS O MENOS;NO;42,44;0;2;1;1
8;20121;M;2;TULUÁ;40;-;NO DESERTOR;SI;1;MAS DE 2 Y MENOS DE 4 SALARIOS MINIMOS;NO;56,52;1;7;6;1
8;20121;M;8;SAN PEDRO;30;INACTIVIDAD ACADEMICA;DESERTOR;NO;2;MAS DE 2 Y MENOS DE 4 SALARIOS MINIMOS;NO;48,14;0;3;2;1
8;20121;F;8;TULUÁ;27;-;NO DESERTOR;NO;0;MAS DE 2 Y MENOS DE 4 SALARIOS MINIMOS;NO;52,6;0;5;4;1
8;20121;F;6;TULUÁ;26;-;NO DESERTOR;NO;0;MAS DE 2 Y MENOS DE 4 SALARIOS MINIMOS;NO;60,32;0;7;6;1
8;20121;M;8;ANDALUCÍA;27;-;NO DESERTOR;NO;0;DOS SALARIOS MÍNIMOS O MENOS;NO;47,72;0;6;5;1
8;20121;M;3;TULUÁ;26;-;NO DESERTOR;NO;0;DOS SALARIOS MÍNIMOS O MENOS;NO;59,41;1;5;4;1
8;20121;M;8;TULUÁ;27;-;NO DESERTOR;NO;0;MAS DE 4 Y MENOS DE 6 SALARIOS MINIMOS;Si;44,76;1;2;1;1
8;20121;F;3;TULUÁ;31;INACTIVIDAD ACADEMICA;DESERTOR;NO;0;MAS DE 2 Y MENOS DE 4 SALARIOS MINIMOS;NO;49,87;1;4;4;0
8;20121;M;7;TULUÁ;28;-;NO DESERTOR;NO;0;MAS DE 8 SALARIOS MINIMOS;Si;43,72;0;7;6;1
8;20121;F;10;TULUÁ;27;-;NO DESERTOR;NO;0;DOS SALARIOS MÍNIMOS O MENOS;Si;48,44;0;4;3;1
8;20121;F;3;TULUÁ;24;-;NO DESERTOR;NO;0;MAS DE 2 Y MENOS DE 4 SALARIOS MINIMOS;NO;52,66;0;6;5;1
8;20121;F;10;SAN PEDRO;26;-;NO DESERTOR;NO;0;MAS DE 2 Y MENOS DE 4 SALARIOS MINIMOS;NO;47,08;0;2;1;1
8;20121;F;6;TULUÁ;26;-;NO DESERTOR;NO;2;DOS SALARIOS MÍNIMOS O MENOS;NO;54,32;0;7;6;1
8;20121;M;3;TULUÁ;25;-;NO DESERTOR;NO;0;MAS DE 6 Y MENOS DE 8 SALARIOS MINIMOS;Si;52,9;0;7;6;1
8;20121;M;2;TULUÁ;24;INACTIVIDAD ACADEMICA;DESERTOR;NO;0;MAS DE 2 Y MENOS DE 4 SALARIOS MINIMOS;NO;51,19;2;4;3;1
8;20051;M;1;TRUJILLO;35;-;NO DESERTOR;NO;0;NO DEFINIDO;Si;50,95;0;1;0;1
8;20121;M;9;TULUÁ;28;-;NO DESERTOR;NO;0;NO DEFINIDO;Si;39,88;0;3;2;1
8;20121;M;7;TULUÁ;28;-;NO DESERTOR;NO;0;MAS DE 4 Y MENOS DE 6 SALARIOS MINIMOS;Si;48,44;1;5;4;1
8;20121;F;1;ANDALUCÍA;24;-;NO DESERTOR;NO;0;DOS SALARIOS MÍNIMOS O MENOS;NO;38,19;0;7;5;2
8;20121;F;2;BUGALAGRANDE;22;-;NO DESERTOR;NO;1;MAS DE 2 Y MENOS DE 4 SALARIOS MINIMOS;NO;42,97;1;4;4;0
8;20121;F;4;ANSERMA;26;-;NO DESERTOR;NO;0;MAS DE 2 Y MENOS DE 4 SALARIOS MINIMOS;NO;47,44;0;2;1;1
8;20121;F;5;TULUÁ;25;-;NO DESERTOR;NO;0;MAS DE 2 Y MENOS DE 4 SALARIOS MINIMOS;Si;55,08;0;6;5;1
8;20121;F;2;TULUÁ;23;-;NO DESERTOR;NO;0;MAS DE 2 Y MENOS DE 4 SALARIOS MINIMOS;NO;46,74;0;8;7;1
8;20121;F;7;TULUÁ;26;-;NO DESERTOR;NO;0;MAS DE 4 Y MENOS DE 6 SALARIOS MINIMOS;Si;48,4;0;4;3;1
8;20121;F;2;TULUÁ;24;-;NO DESERTOR;NO;0;MAS DE 2 Y MENOS DE 4 SALARIOS MINIMOS;Si;55,64;0;6;5;1
8;20121;F;5;TULUÁ;27;-;NO DESERTOR;NO;0;MAS DE 2 Y MENOS DE 4 SALARIOS MINIMOS;Si;61,2;0;8;7;1
8;20121;F;4;TULUÁ;27;-;NO DESERTOR;SI;1;MAS DE 2 Y MENOS DE 4 SALARIOS MINIMOS;NO;54,43;0;5;4;1
8;20121;M;4;TULUÁ;25;-;NO DESERTOR;NO;0;MAS DE 2 Y MENOS DE 4 SALARIOS MINIMOS;Si;61,96;0;5;4;1
8;20121;M;2;TULUÁ;25;-;NO DESERTOR;NO;0;MAS DE 4 Y MENOS DE 6 SALARIOS MINIMOS;NO;45,52;1;8;7;1
8;20121;M;8;TULUÁ;26;-;NO DESERTOR;NO;0;MAS DE 4 Y MENOS DE 6 SALARIOS MINIMOS;Si;54,6;0;7;6;1
8;20121;F;3;TULUÁ;24;-;NO DESERTOR;NO;1;MAS DE 2 Y MENOS DE 4 SALARIOS MINIMOS;NO;56,76;0;5;5;0
8;20121;M;2;BUGALAGRANDE;27;-;NO DESERTOR;NO;0;DOS SALARIOS MÍNIMOS O MENOS;NO;46,81;1;9;7;2
8;20121;M;2;TULUÁ;27;-;NO DESERTOR;SI;1;MAS DE 2 Y MENOS DE 4 SALARIOS MINIMOS;Si;51,95;0;5;4;1
8;20121;M;5;TULUÁ;30;-;NO DESERTOR;NO;0;DOS SALARIOS MÍNIMOS O MENOS;NO;44,44;1;2;1;1
8;20121;M;8;GUADALAJARA DE BUGA;27;-;NO DESERTOR;NO;0;MAS DE 2 Y MENOS DE 4 SALARIOS MINIMOS;Si;46,48;1;2;1;1
8;20121;M;5;TULUÁ;37;INACTIVIDAD ACADEMICA;DESERTOR;SI;0;DOS SALARIOS MÍNIMOS O MENOS;NO;42,48;0;7;6;1
8;20121;M;6;TRUJILLO;26;-;NO DESERTOR;NO;0;MAS DE 2 Y MENOS DE 4 SALARIOS MINIMOS;Si;56,24;0;7;6;1
8;20121;M;8;BUGALAGRANDE;28;-;NO DESERTOR;NO;0;DOS SALARIOS MÍNIMOS O MENOS;NO;46;3;2;1;1
8;20121;M;4;TULUÁ;26;-;NO DESERTOR;NO;0;MAS DE 6 Y MENOS DE 8 SALARIOS MINIMOS;NO;50,32;0;8;7;1
8;20121;M;5;TULUÁ;28;-;NO DESERTOR;NO;0;DOS SALARIOS MÍNIMOS O MENOS;Si;49,26;0;9;8;1
8;20091;M;9;TULUÁ;39;-;NO DESERTOR;NO;0;NO DEFINIDO;Si;50,95;0;1;0;1
8;20051;F;7;ANDALUCÍA;34;-;NO DESERTOR;NO;0;NO DEFINIDO;NO;50,95;0;1;0;1
8;20121;F;6;SEVILLA;28;-;NO DESERTOR;NO;0;NO DEFINIDO;NO;41,24;1;2;1;1
8;20121;F;8;ANDALUCÍA;25;-;NO DESERTOR;NO;0;MAS DE 2 Y MENOS DE 4 SALARIOS MINIMOS;NO;51,76;0;5;4;1
8;20121;F;8;TULUÁ;32;-;NO DESERTOR;NO;0;MAS DE 2 Y MENOS DE 4 SALARIOS MINIMOS;NO;42,17;1;5;4;1
8;20121;F;5;GUADALAJARA DE BUGA;31;-;NO DESERTOR;NO;1;DOS SALARIOS MÍNIMOS O MENOS;NO;50,09;1;7;6;1
8;20121;M;4;ANDALUCÍA;28;INACTIVIDAD ACADEMICA;DESERTOR;NO;0;MAS DE 4 Y MENOS DE 6 SALARIOS MINIMOS;NO;49,22;0;3;2;1
8;20121;F;4;BUGALAGRANDE;24;-;NO DESERTOR;NO;0;MAS DE 2 Y MENOS DE 4 SALARIOS MINIMOS;NO;68,93;0;3;2;1
8;20121;M;7;ANDALUCÍA;27;-;NO DESERTOR;NO;0;DOS SALARIOS MÍNIMOS O MENOS;Si;50,95;0;1;0;1
8;20121;M;8;TULUÁ;26;-;NO DESERTOR;NO;0;MAS DE 2 Y MENOS DE 4 SALARIOS MINIMOS;Si;42,12;0;7;5;2
8;20121;M;8;BUGALAGRANDE;29;-;NO DESERTOR;NO;0;NO DEFINIDO;Si;50,83;0;2;1;1
8;20121;M;7;TULUÁ;26;-;NO DESERTOR;NO;0;DOS SALARIOS MÍNIMOS O MENOS;Si;54,56;0;7;6;1
8;20121;M;3;BUENAVENTURA;25;-;NO DESERTOR;NO;0;MAS DE 2 Y MENOS DE 4 SALARIOS MINIMOS;NO;46,95;1;5;4;1
8;20121;M;8;TULUÁ;30;-;NO DESERTOR;NO;0;MAS DE 4 Y MENOS DE 6 SALARIOS MINIMOS;Si;46,51;1;5;4;1
8;20121;M;2;TULUÁ;24;-;NO DESERTOR;NO;2;DOS SALARIOS MÍNIMOS O MENOS;NO;46,01;1;3;3;0
8;20121;M;3;TULUÁ;26;-;NO DESERTOR;NO;0;MAS DE 6 Y MENOS DE 8 SALARIOS MINIMOS;NO;47,24;0;5;5;0
8;20121;F;8;TULUÁ;26;-;NO DESERTOR;NO;0;DOS SALARIOS MÍNIMOS O MENOS;NO;48,64;1;6;5;1
8;20121;F;6;TULUÁ;25;-;NO DESERTOR;NO;1;DOS SALARIOS MÍNIMOS O MENOS;NO;57,92;0;8;7;1
8;20121;F;2;TULUÁ;24;-;NO DESERTOR;NO;0;MAS DE 2 Y MENOS DE 4 SALARIOS MINIMOS;NO;45,39;1;5;4;1
8;20121;M;6;BUGALAGRANDE;27;-;NO DESERTOR;NO;0;DOS SALARIOS MÍNIMOS O MENOS;Si;50;1;6;5;1
8;20121;F;6;TULUÁ;25;-;NO DESERTOR;NO;0;MAS DE 2 Y MENOS DE 4 SALARIOS MINIMOS;Si;59,12;0;5;4;1
8;20121;M;10;CALI;27;-;NO DESERTOR;NO;2;MAS DE 2 Y MENOS DE 4 SALARIOS MINIMOS;Si;50,95;0;0;0;0
8;20121;M;3;EL CERRITO;24;-;NO DESERTOR;NO;2;MAS DE 4 Y MENOS DE 6 SALARIOS MINIMOS;NO;61,24;1;6;5;1
8;20121;M;4;TULUÁ;25;-;NO DESERTOR;NO;1;MAS DE 2 Y MENOS DE 4 SALARIOS MINIMOS;NO;33,39;0;6;5;1
8;20121;M;2;TULUÁ;26;-;NO DESERTOR;NO;0;MAS DE 2 Y MENOS DE 4 SALARIOS MINIMOS;NO;32,82;1;3;3;0
8;20121;M;2;TULUÁ;24;-;NO DESERTOR;NO;1;DOS SALARIOS MÍNIMOS O MENOS;NO;51,17;0;4;3;1
8;20121;M;6;TULUÁ;27;-;NO DESERTOR;NO;0;MAS DE 4 Y MENOS DE 6 SALARIOS MINIMOS;Si;54,16;0;7;6;1
8;20121;M;10;GUADALAJARA DE BUGA;27;-;NO DESERTOR;NO;0;DOS SALARIOS MÍNIMOS O MENOS;Si;47,56;1;2;1;1
8;20121;M;6;TULUÁ;26;-;NO DESERTOR;NO;1;MAS DE 4 Y MENOS DE 6 SALARIOS MINIMOS;NO;55,8;1;5;4;1
8;20121;M;9;TULUÁ;31;-;NO DESERTOR;NO;2;DOS SALARIOS MÍNIMOS O MENOS;Si;50,95;0;3;2;1
8;20121;M;9;GUADALAJARA DE BUGA;28;-;NO DESERTOR;NO;0;DOS SALARIOS MÍNIMOS O MENOS;Si;46,16;0;2;1;1
8;20121;F;2;TULUÁ;25;-;NO DESERTOR;NO;1;MAS DE 2 Y MENOS DE 4 SALARIOS MINIMOS;NO;40,27;1;4;3;1
8;20121;F;9;TULUÁ;31;-;NO DESERTOR;NO;0;DOS SALARIOS MÍNIMOS O MENOS;Si;46,78;2;3;2;1
8;20121;F;10;TULUÁ;28;-;NO DESERTOR;NO;2;DOS SALARIOS MÍNIMOS O MENOS;Si;51,72;0;2;1;1
8;20121;F;2;BUGALAGRANDE;26;-;NO DESERTOR;NO;0;DOS SALARIOS MÍNIMOS O MENOS;Si;51,44;1;6;5;1
8;20121;F;2;TULUÁ;24;-;NO DESERTOR;NO;2;DOS SALARIOS MÍNIMOS O MENOS;Si;48,41;0;7;6;1
8;20121;F;6;TRUJILLO;28;-;NO DESERTOR;NO;0;DOS SALARIOS MÍNIMOS O MENOS;Si;49,24;0;7;6;1
8;20121;F;6;TULUÁ;25;-;NO DESERTOR;NO;0;MAS DE 2 Y MENOS DE 4 SALARIOS MINIMOS;Si;60,28;0;4;3;1
8;20121;F;10;TULUÁ;28;-;NO DESERTOR;NO;0;DOS SALARIOS MÍNIMOS O MENOS;Si;48,68;0;4;2;2
8;20121;M;6;LA UNIÓN;29;-;NO DESERTOR;NO;0;MAS DE 4 Y MENOS DE 6 SALARIOS MINIMOS;NO;39,92;1;2;1;1
8;20121;M;8;TULUÁ;30;-;NO DESERTOR;NO;0;MAS DE 4 Y MENOS DE 6 SALARIOS MINIMOS;NO;45,69;1;2;1;1
8;20121;M;6;TULUÁ;30;-;NO DESERTOR;NO;0;MAS DE 2 Y MENOS DE 4 SALARIOS MINIMOS;NO;47,54;3;2;1;1
8;20121;M;4;TULUÁ;30;INACTIVIDAD ACADEMICA;DESERTOR;NO;0;NO DEFINIDO;NO;44,1;3;2;1;1
8;20121;M;2;GUADALAJARA DE BUGA;25;-;NO DESERTOR;NO;2;DOS SALARIOS MÍNIMOS O MENOS;NO;48,4;1;5;4;1
8;20121;M;7;ANDALUCÍA;28;-;NO DESERTOR;NO;0;NO DEFINIDO;NO;52,6;1;2;1;1
8;20121;M;8;AIPE;31;-;NO DESERTOR;NO;0;DOS SALARIOS MÍNIMOS O MENOS;Si;49,26;0;2;1;1
8;20121;M;3;TULUÁ;25;-;NO DESERTOR;NO;2;MAS DE 2 Y MENOS DE 4 SALARIOS MINIMOS;NO;61,03;1;6;5;1
8;20121;F;2;BUENAVENTURA;33;-;NO DESERTOR;NO;0;MAS DE 2 Y MENOS DE 4 SALARIOS MINIMOS;NO;46,12;1;6;6;0
8;20121;M;8;BUENAVENTURA;30;-;NO DESERTOR;NO;0;DOS SALARIOS MÍNIMOS O MENOS;NO;50,95;2;2;1;1
8;20121;F;4;TULUÁ;24;-;NO DESERTOR;NO;0;MAS DE 6 Y MENOS DE 8 SALARIOS MINIMOS;NO;56,69;0;5;4;1
8;20121;F;2;PEREIRA;25;INACTIVIDAD ACADEMICA;DESERTOR;NO;1;DOS SALARIOS MÍNIMOS O MENOS;NO;72,79;0;7;7;0
8;20121;F;2;ANDALUCÍA;25;INACTIVIDAD ACADEMICA;DESERTOR;NO;2;DOS SALARIOS MÍNIMOS O MENOS;NO;39,81;1;4;4;0
8;20121;M;7;TULUÁ;26;-;NO DESERTOR;NO;0;DOS SALARIOS MÍNIMOS O MENOS;NO;42,32;1;8;7;1
8;20121;M;5;TULUÁ;26;-;NO DESERTOR;NO;1;MAS DE 2 Y MENOS DE 4 SALARIOS MINIMOS;NO;50,84;0;6;5;1
8;20121;M;9;TULUÁ;30;-;NO DESERTOR;NO;0;MAS DE 2 Y MENOS DE 4 SALARIOS MINIMOS;NO;42,08;1;2;1;1
8;20121;M;4;TULUÁ;24;INACTIVIDAD ACADEMICA;DESERTOR;NO;0;DOS SALARIOS MÍNIMOS O MENOS;NO;51,29;0;7;6;1
8;20051;M;10;LA UNIÓN;33;-;NO DESERTOR;NO;0;NO DEFINIDO;NO;50,95;0;2;0;2
8;20121;M;2;BUGALAGRANDE;22;-;NO DESERTOR;NO;2;DOS SALARIOS MÍNIMOS O MENOS;NO;45,07;1;5;5;0
8;20121;M;1;TULUÁ;24;-;NO DESERTOR;NO;0;MAS DE 6 Y MENOS DE 8 SALARIOS MINIMOS;NO;48,43;1;4;4;0
8;20091;M;7;TULUÁ;29;-;NO DESERTOR;NO;0;NO DEFINIDO;Si;48,16;3;1;1;0
8;20121;F;2;BUGALAGRANDE;26;INACTIVIDAD ACADEMICA;DESERTOR;NO;0;MAS DE 2 Y MENOS DE 4 SALARIOS MINIMOS;NO;45,56;1;7;6;1
8;20121;M;9;TULUÁ;38;-;NO DESERTOR;NO;0;MAS DE 2 Y MENOS DE 4 SALARIOS MINIMOS;NO;50,6;0;5;4;1
8;20121;F;9;TULUÁ;28;-;NO DESERTOR;NO;2;MAS DE 4 Y MENOS DE 6 SALARIOS MINIMOS;Si;43,2;0;2;1;1
8;20121;M;8;TULUÁ;28;INACTIVIDAD ACADEMICA;DESERTOR;NO;0;NO DEFINIDO;NO;37,8;2;2;1;1
8;20121;M;6;TULUÁ;28;-;NO DESERTOR;NO;2;DOS SALARIOS MÍNIMOS O MENOS;NO;50,4;0;4;3;1
8;20121;M;3;GUADALAJARA DE BUGA;24;-;NO DESERTOR;NO;1;MAS DE 4 Y MENOS DE 6 SALARIOS MINIMOS;Si;60,39;0;6;5;1
8;20121;M;8;TULUÁ;28;-;NO DESERTOR;NO;0;DOS SALARIOS MÍNIMOS O MENOS;NO;56,8;1;6;5;1
8;20121;M;9;TULUÁ;28;-;NO DESERTOR;NO;1;NO DEFINIDO;Si;44,36;3;2;1;1
8;20121;M;6;TULUÁ;25;-;NO DESERTOR;NO;1;DOS SALARIOS MÍNIMOS O MENOS;Si;49,12;0;7;6;1
8;20121;M;2;ANDALUCÍA;28;-;NO DESERTOR;NO;0;DOS SALARIOS MÍNIMOS O MENOS;NO;54,73;0;5;4;1
8;20121;M;7;TULUÁ;31;INACTIVIDAD ACADEMICA;DESERTOR;NO;2;DOS SALARIOS MÍNIMOS O MENOS;NO;43,84;2;2;1;1
8;20121;F;4;TULUÁ;24;-;NO DESERTOR;NO;0;DOS SALARIOS MÍNIMOS O MENOS;NO;59,71;0;6;5;1
8;20121;F;3;RIOFRÍO;25;-;NO DESERTOR;NO;0;MAS DE 2 Y MENOS DE 4 SALARIOS MINIMOS;NO;41,75;0;5;4;1
8;20121;F;2;TULUÁ;23;-;NO DESERTOR;NO;0;DOS SALARIOS MÍNIMOS O MENOS;NO;50,12;0;7;6;1
8;20121;F;9;TULUÁ;29;-;NO DESERTOR;NO;0;MAS DE 2 Y MENOS DE 4 SALARIOS MINIMOS;NO;51,68;0;2;1;1
8;20121;M;9;TULUÁ;28;-;NO DESERTOR;NO;0;NO DEFINIDO;Si;50,95;0;1;0;1
8;20121;M;9;GUADALAJARA DE BUGA;29;-;NO DESERTOR;NO;1;DOS SALARIOS MÍNIMOS O MENOS;NO;66,44;0;2;1;1
8;20121;M;2;ANDALUCÍA;23;-;NO DESERTOR;NO;0;MAS DE 2 Y MENOS DE 4 SALARIOS MINIMOS;NO;58,51;1;3;2;1
8;20121;M;7;TULUÁ;31;-;NO DESERTOR;NO;0;MAS DE 2 Y MENOS DE 4 SALARIOS MINIMOS;Si;46,17;1;6;5;1
8;20121;M;9;BUENAVENTURA;29;-;NO DESERTOR;NO;0;DOS SALARIOS MÍNIMOS O MENOS;Si;46,44;0;2;1;1
8;20121;M;1;GUADALAJARA DE BUGA;24;-;NO DESERTOR;SI;1;DOS SALARIOS MÍNIMOS O MENOS;NO;50,39;2;4;4;0
8;20121;M;1;PALMIRA;26;-;NO DESERTOR;NO;0;MAS DE 4 Y MENOS DE 6 SALARIOS MINIMOS;NO;46,24;0;9;6;3
8;20121;F;5;TULUÁ;27;-;NO DESERTOR;SI;0;DOS SALARIOS MÍNIMOS O MENOS;NO;48,4;0;7;6;1
8;20121;F;8;ROLDANILLO;26;-;NO DESERTOR;NO;0;MAS DE 4 Y MENOS DE 6 SALARIOS MINIMOS;NO;41,76;1;6;5;1
8;20121;F;2;TULUÁ;26;-;NO DESERTOR;NO;1;DOS SALARIOS MÍNIMOS O MENOS;NO;42,76;1;4;3;1
8;20121;M;7;TULUÁ;29;-;NO DESERTOR;NO;3;MAS DE 4 Y MENOS DE 6 SALARIOS MINIMOS;Si;39,36;0;8;6;2
8;20121;M;9;YOTOCO;28;-;NO DESERTOR;NO;0;DOS SALARIOS MÍNIMOS O MENOS;NO;53,84;0;2;1;1
8;20121;M;2;TULUÁ;25;-;NO DESERTOR;NO;2;MAS DE 2 Y MENOS DE 4 SALARIOS MINIMOS;NO;53,16;0;5;4;1
8;20121;M;9;TULUÁ;28;-;NO DESERTOR;NO;2;DOS SALARIOS MÍNIMOS O MENOS;Si;41,48;0;2;1;1
8;20121;M;8;ANDALUCÍA;27;-;NO DESERTOR;NO;1;DOS SALARIOS MÍNIMOS O MENOS;Si;50,28;1;2;1;1
8;20121;M;3;ANDALUCÍA;27;-;NO DESERTOR;NO;0;MAS DE 2 Y MENOS DE 4 SALARIOS MINIMOS;NO;58,65;1;4;3;1
8;20121;M;7;TULUÁ;27;-;NO DESERTOR;NO;0;MAS DE 2 Y MENOS DE 4 SALARIOS MINIMOS;Si;49,56;1;6;5;1
8;20121;M;8;TULUÁ;29;-;NO DESERTOR;NO;0;NO DEFINIDO;Si;56,52;3;2;1;1
8;20121;M;7;TULUÁ;27;-;NO DESERTOR;NO;2;DOS SALARIOS MÍNIMOS O MENOS;Si;48,08;0;5;4;1
8;20121;M;2;TULUÁ;24;-;NO DESERTOR;NO;2;MAS DE 2 Y MENOS DE 4 SALARIOS MINIMOS;Si;53,73;0;9;8;1
8;20121;M;1;TULUÁ;23;-;NO DESERTOR;NO;0;MAS DE 2 Y MENOS DE 4 SALARIOS MINIMOS;NO;51,05;1;4;3;1
8;20121;M;7;TULUÁ;25;-;NO DESERTOR;NO;0;DOS SALARIOS MÍNIMOS O MENOS;Si;48,12;0;5;4;1
8;20121;M;4;TULUÁ;25;INACTIVIDAD ACADEMICA;DESERTOR;NO;2;MAS DE 4 Y MENOS DE 6 SALARIOS MINIMOS;NO;46,12;3;2;1;1
8;20121;M;1;TULUÁ;23;-;NO DESERTOR;NO;0;MAS DE 2 Y MENOS DE 4 SALARIOS MINIMOS;Si;58,46;0;6;5;1
8;20121;M;1;GUADALAJARA DE BUGA;22;-;NO DESERTOR;NO;0;MAS DE 2 Y MENOS DE 4 SALARIOS MINIMOS;NO;47;1;3;3;0
8;20121;M;9;TULUÁ;27;-;NO DESERTOR;NO;0;DOS SALARIOS MÍNIMOS O MENOS;Si;40,44;3;2;1;1
8;20121;M;3;BUGALAGRANDE;24;-;NO DESERTOR;NO;0;MAS DE 2 Y MENOS DE 4 SALARIOS MINIMOS;NO;52,13;1;8;7;1
8;20121;M;1;GUADALAJARA DE BUGA;23;-;NO DESERTOR;NO;0;DOS SALARIOS MÍNIMOS O MENOS;NO;59,93;0;2;2;0
8;20121;M;4;TULUÁ;24;-;NO DESERTOR;NO;0;MAS DE 6 Y MENOS DE 8 SALARIOS MINIMOS;Si;52,73;0;5;4;1
8;20121;M;10;TULUÁ;28;-;NO DESERTOR;NO;0;NO DEFINIDO;Si;60,76;0;2;1;1
8;20121;M;8;TULUÁ;31;-;NO DESERTOR;NO;1;NO DEFINIDO;NO;48,73;1;3;1;2
8;20121;M;9;TULUÁ;30;-;NO DESERTOR;NO;0;NO DEFINIDO;Si;45,56;2;3;2;1
8;20121;M;10;GUADALAJARA DE BUGA;28;-;NO DESERTOR;NO;0;DOS SALARIOS MÍNIMOS O MENOS;Si;53,2;0;2;1;1
8;20121;M;9;TULUÁ;28;-;NO DESERTOR;NO;1;MAS DE 2 Y MENOS DE 4 SALARIOS MINIMOS;Si;49,84;0;4;2;2
8;20121;M;9;TULUÁ;27;-;NO DESERTOR;NO;0;MAS DE 6 Y MENOS DE 8 SALARIOS MINIMOS;Si;50,08;0;3;2;1
8;20121;M;8;TULUÁ;30;-;NO DESERTOR;NO;0;MAS DE 2 Y MENOS DE 4 SALARIOS MINIMOS;Si;52,2;0;6;5;1
8;20121;M;7;TULUÁ;25;-;NO DESERTOR;NO;1;MAS DE 2 Y MENOS DE 4 SALARIOS MINIMOS;NO;53,72;0;7;6;1
8;20121;M;6;TULUÁ;25;-;NO DESERTOR;NO;0;DOS SALARIOS MÍNIMOS O MENOS;Si;56,32;0;4;3;1
8;20121;M;5;GUADALAJARA DE BUGA;24;-;NO DESERTOR;NO;2;DOS SALARIOS MÍNIMOS O MENOS;NO;51,89;0;10;9;1
8;20121;M;4;TULUÁ;25;-;NO DESERTOR;NO;0;DOS SALARIOS MÍNIMOS O MENOS;NO;60,51;0;6;5;1
8;20121;M;3;GUADALAJARA DE BUGA;28;-;NO DESERTOR;NO;1;DOS SALARIOS MÍNIMOS O MENOS;NO;57,83;0;7;5;2
8;20121;M;3;GUADALAJARA DE BUGA;24;-;NO DESERTOR;NO;0;NO DEFINIDO;Si;50,95;0;7;6;1
8;20121;M;2;TULUÁ;23;INACTIVIDAD ACADEMICA;DESERTOR;NO;0;DOS SALARIOS MÍNIMOS O MENOS;NO;56,46;1;7;7;0
8;20121;M;1;GUADALAJARA DE BUGA;24;INACTIVIDAD ACADEMICA;DESERTOR;NO;1;MAS DE 4 Y MENOS DE 6 SALARIOS MINIMOS;NO;40,46;3;2;2;0
8;20051;M;10;BUGALAGRANDE;29;-;NO DESERTOR;NO;0;NO DEFINIDO;Si;49,33;0;2;1;1
8;20121;M;8;TULUÁ;28;-;NO DESERTOR;NO;0;DOS SALARIOS MÍNIMOS O MENOS;NO;43,56;2;2;1;1
8;20121;M;9;GUADALAJARA DE BUGA;28;-;NO DESERTOR;NO;0;DOS SALARIOS MÍNIMOS O MENOS;Si;53,45;0;2;1;1
8;20121;M;1;TULUÁ;24;-;NO DESERTOR;NO;0;DOS SALARIOS MÍNIMOS O MENOS;NO;61,07;1;6;5;1
8;20121;M;6;ANDALUCÍA;25;-;NO DESERTOR;NO;0;MAS DE 2 Y MENOS DE 4 SALARIOS MINIMOS;Si;39,48;1;6;5;1
8;20121;M;4;GUADALAJARA DE BUGA;29;-;NO DESERTOR;NO;3;MAS DE 6 Y MENOS DE 8 SALARIOS MINIMOS;Si;48,94;0;5;4;1
8;20121;M;1;TULUÁ;26;-;NO DESERTOR;NO;0;MAS DE 2 Y MENOS DE 4 SALARIOS MINIMOS;Si;46,4;0;5;4;1
8;20121;M;2;TULUÁ;23;-;NO DESERTOR;NO;1;MAS DE 2 Y MENOS DE 4 SALARIOS MINIMOS;Si;51,56;0;7;6;1
8;20121;M;3;BUGALAGRANDE;24;INACTIVIDAD ACADEMICA;DESERTOR;NO;0;MAS DE 4 Y MENOS DE 6 SALARIOS MINIMOS;NO;52,53;1;6;5;1
8;20121;M;1;TULUÁ;34;-;NO DESERTOR;SI;3;MAS DE 2 Y MENOS DE 4 SALARIOS MINIMOS;NO;49,18;0;4;3;1
8;20121;M;3;TULUÁ;28;-;NO DESERTOR;NO;0;NO DEFINIDO;Si;50,95;0;2;1;1
8;20121;M;7;MEDELLÍN;28;-;NO DESERTOR;NO;0;MAS DE 2 Y MENOS DE 4 SALARIOS MINIMOS;NO;43,56;1;5;4;1
8;20121;M;3;TULUÁ;30;-;NO DESERTOR;NO;1;DOS SALARIOS MÍNIMOS O MENOS;NO;48,31;0;7;6;1
8;20121;M;9;TULUÁ;28;-;NO DESERTOR;NO;1;DOS SALARIOS MÍNIMOS O MENOS;Si;41,8;0;3;2;1
8;20121;M;6;TULUÁ;25;-;NO DESERTOR;NO;0;MAS DE 2 Y MENOS DE 4 SALARIOS MINIMOS;Si;54,88;0;4;3;1
8;20121;M;2;TULUÁ;28;-;NO DESERTOR;NO;0;MAS DE 4 Y MENOS DE 6 SALARIOS MINIMOS;Si;52,97;0;6;5;1
8;20121;M;1;BUENAVENTURA;23;-;NO DESERTOR;NO;0;DOS SALARIOS MÍNIMOS O MENOS;NO;52,92;0;8;5;3
8;20121;F;8;TULUÁ;26;-;NO DESERTOR;NO;0;MAS DE 2 Y MENOS DE 4 SALARIOS MINIMOS;NO;51,32;0;6;5;1
8;20121;F;1;GUADALAJARA DE BUGA;29;-;NO DESERTOR;NO;0;DOS SALARIOS MÍNIMOS O MENOS;NO;53,12;0;3;1;2
8;20121;F;2;TULUÁ;22;-;NO DESERTOR;NO;0;MAS DE 2 Y MENOS DE 4 SALARIOS MINIMOS;Si;61,49;1;6;5;1
8;20121;M;6;TULUÁ;27;-;NO DESERTOR;NO;0;MAS DE 2 Y MENOS DE 4 SALARIOS MINIMOS;Si;47,56;1;7;6;1
8;20121;M;2;BUGALAGRANDE;22;-;NO DESERTOR;NO;0;MAS DE 2 Y MENOS DE 4 SALARIOS MINIMOS;NO;41,51;1;5;4;1
8;20121;M;2;GUADALAJARA DE BUGA;28;-;NO DESERTOR;SI;0;DOS SALARIOS MÍNIMOS O MENOS;NO;42,71;1;6;5;1
8;20121;M;2;GUADALAJARA DE BUGA;24;-;NO DESERTOR;NO;0;MAS DE 2 Y MENOS DE 4 SALARIOS MINIMOS;Si;54,32;0;4;3;1
8;20121;F;6;TULUÁ;27;-;NO DESERTOR;NO;2;DOS SALARIOS MÍNIMOS O MENOS;Si;47,44;0;8;7;1
8;20121;M;7;GUADALAJARA DE BUGA;26;-;NO DESERTOR;NO;1;MAS DE 2 Y MENOS DE 4 SALARIOS MINIMOS;Si;50,4;0;4;3;1
8;20121;F;6;GINEBRA;27;-;NO DESERTOR;NO;0;DOS SALARIOS MÍNIMOS O MENOS;Si;51,48;1;5;4;1
8;20121;F;2;BUENAVENTURA;23;-;NO DESERTOR;NO;0;DOS SALARIOS MÍNIMOS O MENOS;Si;49,99;0;8;7;1
8;20121;F;4;TULUÁ;24;INACTIVIDAD ACADEMICA;DESERTOR;NO;3;DOS SALARIOS MÍNIMOS O MENOS;NO;47,81;0;5;4;1
8;20121;F;3;ROLDANILLO;26;-;NO DESERTOR;NO;0;MAS DE 4 Y MENOS DE 6 SALARIOS MINIMOS;NO;50,21;0;4;3;1
8;20121;M;9;TULUÁ;31;-;NO DESERTOR;NO;0;NO DEFINIDO;NO;50,95;0;2;0;2
8;20121;M;2;GUADALAJARA DE BUGA;25;-;NO DESERTOR;NO;3;DOS SALARIOS MÍNIMOS O MENOS;NO;47,42;1;7;5;2
8;20121;M;2;BUENAVENTURA;23;INACTIVIDAD ACADEMICA;DESERTOR;NO;0;MAS DE 2 Y MENOS DE 4 SALARIOS MINIMOS;NO;50,26;1;6;6;0
8;20121;M;4;TULUÁ;26;-;NO DESERTOR;NO;0;MAS DE 4 Y MENOS DE 6 SALARIOS MINIMOS;NO;43,11;1;7;6;1
8;20121;M;3;TULUÁ;26;INACTIVIDAD ACADEMICA;DESERTOR;NO;0;DOS SALARIOS MÍNIMOS O MENOS;NO;49,78;1;5;4;1
8;20121;M;9;BUENAVENTURA;29;-;NO DESERTOR;NO;2;DOS SALARIOS MÍNIMOS O MENOS;Si;37,36;1;2;1;1
8;20051;M;10;GUADALAJARA DE BUGA;28;-;NO DESERTOR;NO;0;NO DEFINIDO;Si;55,99;0;3;2;1
8;20121;M;8;TULUÁ;27;-;NO DESERTOR;NO;3;DOS SALARIOS MÍNIMOS O MENOS;Si;38,56;0;2;1;1
8;20121;F;6;ROLDANILLO;30;-;NO DESERTOR;NO;1;MAS DE 4 Y MENOS DE 6 SALARIOS MINIMOS;NO;52,15;0;7;6;1
8;20121;F;6;TULUÁ;26;-;NO DESERTOR;NO;2;MAS DE 2 Y MENOS DE 4 SALARIOS MINIMOS;NO;37,24;1;5;4;1
8;20121;F;4;TULUÁ;25;-;NO DESERTOR;NO;0;DOS SALARIOS MÍNIMOS O MENOS;NO;51,24;0;4;3;1
8;20121;F;10;ANDALUCÍA;26;-;NO DESERTOR;NO;0;MAS DE 2 Y MENOS DE 4 SALARIOS MINIMOS;Si;46,28;1;4;3;1
8;20121;F;2;TULUÁ;25;-;NO DESERTOR;NO;0;MAS DE 2 Y MENOS DE 4 SALARIOS MINIMOS;NO;56,15;1;6;5;1
8;20121;F;3;TULUÁ;26;-;NO DESERTOR;NO;1;MAS DE 6 Y MENOS DE 8 SALARIOS MINIMOS;NO;40,03;1;4;3;1
8;20121;F;8;TULUÁ;29;-;NO DESERTOR;NO;0;DOS SALARIOS MÍNIMOS O MENOS;Si;46,76;1;3;2;1
8;20121;F;10;TULUÁ;29;-;NO DESERTOR;NO;1;MAS DE 4 Y MENOS DE 6 SALARIOS MINIMOS;Si;49,08;1;4;2;2
8;20121;F;8;TULUÁ;27;-;NO DESERTOR;NO;0;MAS DE 2 Y MENOS DE 4 SALARIOS MINIMOS;Si;41,16;1;6;5;1
8;20121;M;8;GUADALAJARA DE BUGA;36;-;NO DESERTOR;NO;0;MAS DE 4 Y MENOS DE 6 SALARIOS MINIMOS;Si;45,74;4;3;2;1
8;20121;M;4;TULUÁ;26;-;NO DESERTOR;NO;0;DOS SALARIOS MÍNIMOS O MENOS;Si;53,45;0;5;4;1
8;20121;M;6;TULUÁ;28;-;NO DESERTOR;NO;0;DOS SALARIOS MÍNIMOS O MENOS;NO;48,64;0;5;4;1
8;20121;F;6;TULUÁ;28;-;NO DESERTOR;NO;2;DOS SALARIOS MÍNIMOS O MENOS;NO;42,36;0;7;6;1
8;20121;F;4;GUADALAJARA DE BUGA;27;INACTIVIDAD ACADEMICA;DESERTOR;NO;0;MAS DE 2 Y MENOS DE 4 SALARIOS MINIMOS;NO;45,4;2;2;1;1
8;20121;F;9;TULUÁ;33;-;NO DESERTOR;NO;0;NO DEFINIDO;NO;50,95;0;2;1;1
8;20121;F;7;TULUÁ;27;-;NO DESERTOR;NO;0;DOS SALARIOS MÍNIMOS O MENOS;Si;46,68;1;6;5;1
8;20121;F;6;TULUÁ;29;-;NO DESERTOR;NO;0;MAS DE 4 Y MENOS DE 6 SALARIOS MINIMOS;Si;57,15;0;6;5;1
8;20121;F;3;TULUÁ;27;INACTIVIDAD ACADEMICA;DESERTOR;NO;1;MAS DE 2 Y MENOS DE 4 SALARIOS MINIMOS;NO;44,77;1;6;5;1
8;20121;F;6;TULUÁ;26;-;NO DESERTOR;NO;0;MAS DE 2 Y MENOS DE 4 SALARIOS MINIMOS;Si;45,84;0;6;5;1
8;20121;F;7;TULUÁ;29;-;NO DESERTOR;NO;0;MAS DE 2 Y MENOS DE 4 SALARIOS MINIMOS;Si;41,88;1;6;5;1
8;20121;F;5;GUADALAJARA DE BUGA;26;-;NO DESERTOR;NO;0;MAS DE 2 Y MENOS DE 4 SALARIOS MINIMOS;Si;53,73;0;5;4;1
8;20121;F;6;TULUÁ;25;-;NO DESERTOR;NO;0;DOS SALARIOS MÍNIMOS O MENOS;Si;52,64;0;4;3;1
8;20121;F;8;TULUÁ;27;-;NO DESERTOR;NO;0;MAS DE 4 Y MENOS DE 6 SALARIOS MINIMOS;Si;53,32;0;8;7;1
8;20121;F;6;TRUJILLO;25;-;NO DESERTOR;NO;0;DOS SALARIOS MÍNIMOS O MENOS;Si;51,24;0;7;6;1
8;20121;F;4;BUENAVENTURA;24;-;NO DESERTOR;NO;2;MAS DE 2 Y MENOS DE 4 SALARIOS MINIMOS;Si;56,97;0;7;6;1
8;20121;F;8;TULUÁ;32;-;NO DESERTOR;NO;0;NO DEFINIDO;Si;50,95;2;3;2;1
8;20121;M;5;TULUÁ;27;-;NO DESERTOR;NO;0;DOS SALARIOS MÍNIMOS O MENOS;NO;50,95;1;5;4;1
8;20121;M;7;TULUÁ;31;-;NO DESERTOR;NO;3;DOS SALARIOS MÍNIMOS O MENOS;Si;50,77;0;8;7;1
8;20121;M;9;TULUÁ;34;-;NO DESERTOR;NO;0;MAS DE 4 Y MENOS DE 6 SALARIOS MINIMOS;Si;47,51;0;2;1;1
8;20121;M;4;NEIVA;24;-;NO DESERTOR;NO;0;MAS DE 2 Y MENOS DE 4 SALARIOS MINIMOS;NO;57,09;0;3;2;1
8;20121;M;9;TULUÁ;30;-;NO DESERTOR;NO;0;MAS DE 4 Y MENOS DE 6 SALARIOS MINIMOS;Si;46,22;0;2;1;1
8;20121;M;8;TULUÁ;29;-;NO DESERTOR;NO;0;MAS DE 2 Y MENOS DE 4 SALARIOS MINIMOS;Si;39,92;3;2;1;1
8;20121;M;7;TULUÁ;26;-;NO DESERTOR;NO;0;MAS DE 2 Y MENOS DE 4 SALARIOS MINIMOS;Si;54,72;0;5;3;2
8;20121;M;1;SAN PEDRO;25;-;NO DESERTOR;NO;0;MAS DE 2 Y MENOS DE 4 SALARIOS MINIMOS;NO;45,13;0;4;3;1
8;20121;F;2;TULUÁ;23;-;NO DESERTOR;NO;0;DOS SALARIOS MÍNIMOS O MENOS;NO;56,58;0;8;8;0
8;20121;F;4;ANDALUCÍA;23;-;NO DESERTOR;NO;2;NO DEFINIDO;NO;54,89;0;5;4;1
8;20121;F;9;BUENAVENTURA;26;-;NO DESERTOR;NO;0;NO DEFINIDO;NO;49,48;2;2;1;1
8;20121;F;3;TULUÁ;24;-;NO DESERTOR;NO;0;MAS DE 2 Y MENOS DE 4 SALARIOS MINIMOS;NO;45,12;1;5;4;1
8;20121;M;1;EL CERRITO;22;-;NO DESERTOR;NO;0;MAS DE 4 Y MENOS DE 6 SALARIOS MINIMOS;NO;49,7;1;6;5;1
8;20121;M;2;TULUÁ;30;-;NO DESERTOR;NO;2;MAS DE 6 Y MENOS DE 8 SALARIOS MINIMOS;NO;50,95;1;6;5;1
8;20121;F;4;BUGALAGRANDE;25;-;NO DESERTOR;NO;0;DOS SALARIOS MÍNIMOS O MENOS;NO;44,56;1;7;5;2
8;20121;F;6;TULUÁ;26;-;NO DESERTOR;NO;0;MAS DE 4 Y MENOS DE 6 SALARIOS MINIMOS;Si;53,08;0;5;4;1
8;20121;F;2;TULUÁ;24;-;NO DESERTOR;NO;0;DOS SALARIOS MÍNIMOS O MENOS;NO;55,79;0;8;7;1
8;20121;F;2;TULUÁ;24;-;NO DESERTOR;NO;0;MAS DE 2 Y MENOS DE 4 SALARIOS MINIMOS;NO;51,18;0;8;7;1
8;20121;F;9;TULUÁ;29;-;NO DESERTOR;NO;0;NO DEFINIDO;Si;49,66;2;2;1;1
8;20121;F;9;GUADALAJARA DE BUGA;31;-;NO DESERTOR;NO;0;MAS DE 4 Y MENOS DE 6 SALARIOS MINIMOS;Si;50,95;1;5;4;1
8;20121;F;8;TULUÁ;28;-;NO DESERTOR;NO;2;MAS DE 2 Y MENOS DE 4 SALARIOS MINIMOS;Si;47,72;0;7;6;1
8;20121;F;5;TULUÁ;27;INACTIVIDAD ACADEMICA;DESERTOR;NO;0;MAS DE 2 Y MENOS DE 4 SALARIOS MINIMOS;NO;38,96;1;4;3;1
8;20121;F;6;TULUÁ;26;-;NO DESERTOR;NO;0;MAS DE 2 Y MENOS DE 4 SALARIOS MINIMOS;Si;59,4;0;5;4;1
8;20121;F;5;GUADALAJARA DE BUGA;26;-;NO DESERTOR;NO;0;MAS DE 6 Y MENOS DE 8 SALARIOS MINIMOS;Si;53,01;0;9;8;1
8;20121;F;6;TULUÁ;26;-;NO DESERTOR;NO;0;DOS SALARIOS MÍNIMOS O MENOS;Si;55,76;0;7;6;1
8;20121;F;9;TULUÁ;27;-;NO DESERTOR;NO;0;MAS DE 2 Y MENOS DE 4 SALARIOS MINIMOS;NO;37,6;2;3;1;2
8;20121;F;6;TULUÁ;28;-;NO DESERTOR;NO;0;DOS SALARIOS MÍNIMOS O MENOS;NO;37,8;0;7;6;1
8;20121;F;4;TULUÁ;27;-;NO DESERTOR;NO;0;MAS DE 2 Y MENOS DE 4 SALARIOS MINIMOS;NO;43,32;1;3;2;1
8;20121;F;3;TULUÁ;23;INACTIVIDAD ACADEMICA;DESERTOR;NO;0;MAS DE 4 Y MENOS DE 6 SALARIOS MINIMOS;NO;59,16;1;6;5;1
8;20121;F;7;GUADALAJARA DE BUGA;27;-;NO DESERTOR;NO;0;DOS SALARIOS MÍNIMOS O MENOS;NO;54,8;0;7;6;1
8;20121;F;4;TULUÁ;25;INACTIVIDAD ACADEMICA;DESERTOR;NO;0;DOS SALARIOS MÍNIMOS O MENOS;NO;62,51;1;2;1;1
8;20121;F;5;ANDALUCÍA;26;-;NO DESERTOR;NO;0;DOS SALARIOS MÍNIMOS O MENOS;NO;37,4;1;8;8;0
8;20121;M;6;RIOFRÍO;33;-;NO DESERTOR;SI;0;MAS DE 2 Y MENOS DE 4 SALARIOS MINIMOS;NO;47,76;1;6;5;1
8;20121;F;2;TULUÁ;25;-;NO DESERTOR;NO;2;DOS SALARIOS MÍNIMOS O MENOS;NO;61,8;1;6;6;0
8;20121;F;1;GUADALAJARA DE BUGA;24;-;NO DESERTOR;NO;1;DOS SALARIOS MÍNIMOS O MENOS;NO;45,83;1;7;6;1
8;20121;F;1;ANDALUCÍA;27;-;NO DESERTOR;NO;0;DOS SALARIOS MÍNIMOS O MENOS;NO;42,41;0;6;5;1
8;20121;F;2;TULUÁ;23;-;NO DESERTOR;NO;0;DOS SALARIOS MÍNIMOS O MENOS;NO;44,75;0;5;4;1
8;20121;M;8;GUADALAJARA DE BUGA;28;-;NO DESERTOR;NO;0;DOS SALARIOS MÍNIMOS O MENOS;Si;41,49;1;2;1;1
8;20121;M;1;ANDALUCÍA;26;-;NO DESERTOR;NO;1;DOS SALARIOS MÍNIMOS O MENOS;NO;50,83;3;6;6;0
8;20121;M;8;TULUÁ;27;-;NO DESERTOR;NO;1;DOS SALARIOS MÍNIMOS O MENOS;Si;58,88;0;6;5;1
8;20121;M;7;TULUÁ;26;-;NO DESERTOR;NO;0;MAS DE 2 Y MENOS DE 4 SALARIOS MINIMOS;Si;40,32;0;5;4;1
8;20121;F;6;TULUÁ;29;-;NO DESERTOR;NO;0;NO DEFINIDO;Si;40;3;2;1;1
8;20121;F;4;BUGALAGRANDE;25;-;NO DESERTOR;NO;0;DOS SALARIOS MÍNIMOS O MENOS;NO;51,09;0;5;4;1
8;20121;F;1;ANDALUCÍA;24;-;NO DESERTOR;NO;0;DOS SALARIOS MÍNIMOS O MENOS;NO;67,5;0;6;5;1
8;20121;F;6;GUADALAJARA DE BUGA;25;INACTIVIDAD ACADEMICA;DESERTOR;NO;0;DOS SALARIOS MÍNIMOS O MENOS;NO;43,04;0;5;5;0
8;20121;F;11;PALMIRA;27;-;NO DESERTOR;NO;0;MAS DE 4 Y MENOS DE 6 SALARIOS MINIMOS;Si;50,95;1;3;2;1
8;20121;F;9;ANDALUCÍA;31;-;NO DESERTOR;NO;0;DOS SALARIOS MÍNIMOS O MENOS;NO;41,76;0;2;1;1
8;20121;M;1;JAMUNDÍ;24;-;NO DESERTOR;NO;0;DOS SALARIOS MÍNIMOS O MENOS;NO;46,09;1;4;4;0
8;20121;M;7;TULUÁ;36;-;NO DESERTOR;NO;0;NO DEFINIDO;Si;46,88;0;2;1;1
8;20121;M;2;TULUÁ;23;-;NO DESERTOR;NO;0;MAS DE 2 Y MENOS DE 4 SALARIOS MINIMOS;NO;61,42;1;6;5;1
8;20121;M;2;TRUJILLO;23;-;NO DESERTOR;NO;0;MAS DE 2 Y MENOS DE 4 SALARIOS MINIMOS;NO;54,77;1;6;5;1
8;20121;F;8;FUNES;27;-;NO DESERTOR;NO;0;MAS DE 2 Y MENOS DE 4 SALARIOS MINIMOS;Si;56;0;6;5;1
8;20121;F;2;TULUÁ;23;-;NO DESERTOR;NO;0;DOS SALARIOS MÍNIMOS O MENOS;NO;48,31;0;6;5;1
8;20121;M;8;BUENAVENTURA;29;-;NO DESERTOR;NO;0;NO DEFINIDO;Si;45,45;2;2;1;1
8;20121;M;9;TULUÁ;27;-;NO DESERTOR;NO;0;MAS DE 2 Y MENOS DE 4 SALARIOS MINIMOS;Si;54,8;0;3;1;2
8;20121;M;9;BUENAVENTURA;26;-;NO DESERTOR;NO;0;DOS SALARIOS MÍNIMOS O MENOS;Si;43;1;2;1;1
8;20121;M;9;BUENAVENTURA;27;-;NO DESERTOR;NO;0;MAS DE 2 Y MENOS DE 4 SALARIOS MINIMOS;NO;46,2;0;2;1;1
8;20121;M;8;TULUÁ;27;-;NO DESERTOR;NO;0;DOS SALARIOS MÍNIMOS O MENOS;NO;46,28;0;6;5;1
8;20121;M;4;GUADALAJARA DE BUGA;24;-;NO DESERTOR;NO;0;MAS DE 6 Y MENOS DE 8 SALARIOS MINIMOS;NO;55,22;0;5;4;1
8;20121;M;4;TULUÁ;25;-;NO DESERTOR;NO;0;MAS DE 2 Y MENOS DE 4 SALARIOS MINIMOS;NO;68,13;0;3;2;1
8;20121;M;7;TRUJILLO;27;-;NO DESERTOR;NO;0;DOS SALARIOS MÍNIMOS O MENOS;NO;51,68;0;5;4;1
8;20121;M;6;TULUÁ;28;-;NO DESERTOR;NO;0;MAS DE 2 Y MENOS DE 4 SALARIOS MINIMOS;NO;40;0;4;3;1
8;20121;M;6;TULUÁ;27;-;NO DESERTOR;NO;1;DOS SALARIOS MÍNIMOS O MENOS;Si;57,72;0;8;7;1
8;20121;F;2;TULUÁ;24;-;NO DESERTOR;SI;2;MAS DE 2 Y MENOS DE 4 SALARIOS MINIMOS;NO;54,97;0;6;5;1
8;20121;F;6;BUGALAGRANDE;25;-;NO DESERTOR;NO;1;MAS DE 2 Y MENOS DE 4 SALARIOS MINIMOS;Si;49,84;0;5;4;1
8;20121;M;2;TULUÁ;23;-;NO DESERTOR;NO;0;DOS SALARIOS MÍNIMOS O MENOS;NO;49,38;1;6;5;1
8;20121;M;2;GINEBRA;23;-;NO DESERTOR;NO;0;DOS SALARIOS MÍNIMOS O MENOS;NO;59,83;0;6;5;1
8;20121;M;9;TULUÁ;28;-;NO DESERTOR;SI;1;MAS DE 2 Y MENOS DE 4 SALARIOS MINIMOS;NO;47,28;1;2;1;1
8;20121;M;2;TULUÁ;25;-;NO DESERTOR;NO;0;MAS DE 4 Y MENOS DE 6 SALARIOS MINIMOS;NO;51,79;1;3;3;0
8;20121;M;3;ANDALUCÍA;27;-;NO DESERTOR;NO;0;MAS DE 2 Y MENOS DE 4 SALARIOS MINIMOS;NO;43,34;1;4;3;1
8;20121;M;2;LA DORADA;27;-;NO DESERTOR;NO;0;DOS SALARIOS MÍNIMOS O MENOS;NO;53,18;0;8;6;2
8;20121;M;8;TULUÁ;26;-;NO DESERTOR;NO;0;MAS DE 2 Y MENOS DE 4 SALARIOS MINIMOS;Si;49,68;1;6;5;1
8;20121;M;3;ANDALUCÍA;24;-;NO DESERTOR;NO;2;MAS DE 8 SALARIOS MINIMOS;NO;49,08;1;8;7;1
8;20121;M;2;CALI;24;-;NO DESERTOR;NO;0;MAS DE 4 Y MENOS DE 6 SALARIOS MINIMOS;NO;52,27;0;7;6;1
8;20121;F;8;BUENAVENTURA;26;-;NO DESERTOR;SI;3;DOS SALARIOS MÍNIMOS O MENOS;Si;45,96;2;5;4;1
8;20121;F;7;BUENAVENTURA;25;-;NO DESERTOR;NO;0;DOS SALARIOS MÍNIMOS O MENOS;NO;40,56;1;8;7;1
8;20121;F;3;TRUJILLO;30;-;NO DESERTOR;NO;3;MAS DE 4 Y MENOS DE 6 SALARIOS MINIMOS;NO;48,45;1;4;3;1
8;20121;F;1;TULUÁ;24;-;NO DESERTOR;NO;0;MAS DE 2 Y MENOS DE 4 SALARIOS MINIMOS;NO;46,54;0;4;3;1
8;20121;F;3;TULUÁ;25;-;NO DESERTOR;NO;0;DOS SALARIOS MÍNIMOS O MENOS;NO;53,98;0;8;7;1
8;20121;M;4;TULUÁ;26;-;NO DESERTOR;NO;0;MAS DE 6 Y MENOS DE 8 SALARIOS MINIMOS;NO;46,06;0;3;2;1
8;20121;F;10;ANDALUCÍA;27;-;NO DESERTOR;NO;0;DOS SALARIOS MÍNIMOS O MENOS;NO;43,12;1;2;1;1
8;20121;F;6;TULUÁ;26;-;NO DESERTOR;NO;0;MAS DE 2 Y MENOS DE 4 SALARIOS MINIMOS;NO;52,16;0;8;7;1
8;20121;F;4;BUGALAGRANDE;24;-;NO DESERTOR;NO;0;MAS DE 2 Y MENOS DE 4 SALARIOS MINIMOS;NO;56,3;0;4;3;1
8;20121;F;1;TULUÁ;22;-;NO DESERTOR;NO;0;DOS SALARIOS MÍNIMOS O MENOS;NO;48,03;0;4;3;1
8;20121;F;3;ZARZAL;24;INACTIVIDAD ACADEMICA;DESERTOR;NO;2;DOS SALARIOS MÍNIMOS O MENOS;NO;47,5;0;3;3;0
8;20121;F;3;SAN PEDRO;25;-;NO DESERTOR;NO;0;DOS SALARIOS MÍNIMOS O MENOS;NO;45,05;1;5;4;1
8;20121;F;2;TULUÁ;25;-;NO DESERTOR;NO;2;MAS DE 4 Y MENOS DE 6 SALARIOS MINIMOS;NO;50,95;0;7;4;3
8;20121;F;2;TULUÁ;25;-;NO DESERTOR;NO;0;MAS DE 2 Y MENOS DE 4 SALARIOS MINIMOS;NO;48,93;0;4;3;1
8;20121;F;5;ANDALUCÍA;24;-;NO DESERTOR;NO;0;DOS SALARIOS MÍNIMOS O MENOS;NO;54,67;0;10;9;1
8;20121;F;2;TULUÁ;23;INACTIVIDAD ACADEMICA;DESERTOR;SI;2;MAS DE 2 Y MENOS DE 4 SALARIOS MINIMOS;NO;40,08;1;5;5;0
8;20121;F;3;ANDALUCÍA;25;-;NO DESERTOR;NO;0;DOS SALARIOS MÍNIMOS O MENOS;NO;43,04;1;6;5;1
8;20121;M;4;TULUÁ;25;-;NO DESERTOR;NO;0;DOS SALARIOS MÍNIMOS O MENOS;NO;46,76;1;5;4;1
8;20121;M;5;BUENAVENTURA;31;-;NO DESERTOR;NO;5;NO DEFINIDO;NO;38,05;2;2;1;1
8;20121;M;4;TULUÁ;27;INACTIVIDAD ACADEMICA;DESERTOR;SI;0;MAS DE 2 Y MENOS DE 4 SALARIOS MINIMOS;NO;42,56;1;6;5;1
8;20121;F;2;TULUÁ;24;-;NO DESERTOR;NO;0;DOS SALARIOS MÍNIMOS O MENOS;NO;49,68;1;6;5;1
8;20121;F;8;TULUÁ;27;-;NO DESERTOR;NO;0;DOS SALARIOS MÍNIMOS O MENOS;Si;44,36;0;6;5;1
8;20121;M;1;ANDALUCÍA;23;-;NO DESERTOR;NO;2;MAS DE 2 Y MENOS DE 4 SALARIOS MINIMOS;NO;43,72;0;6;5;1
8;20121;M;4;GUADALAJARA DE BUGA;31;INACTIVIDAD ACADEMICA;DESERTOR;NO;1;MAS DE 2 Y MENOS DE 4 SALARIOS MINIMOS;NO;43,03;0;2;1;1
8;20121;F;1;TULUÁ;24;-;NO DESERTOR;NO;0;MAS DE 2 Y MENOS DE 4 SALARIOS MINIMOS;Si;44,13;0;6;5;1
8;20121;M;7;TULUÁ;26;-;NO DESERTOR;NO;0;MAS DE 2 Y MENOS DE 4 SALARIOS MINIMOS;Si;49,68;0;7;6;1
8;20121;F;3;TULUÁ;26;INACTIVIDAD ACADEMICA;DESERTOR;NO;2;DOS SALARIOS MÍNIMOS O MENOS;NO;44,32;1;8;7;1
8;20121;M;4;TULUÁ;27;-;NO DESERTOR;NO;2;DOS SALARIOS MÍNIMOS O MENOS;NO;47,2;0;4;3;1
8;20121;F;9;ANDALUCÍA;31;-;NO DESERTOR;NO;0;DOS SALARIOS MÍNIMOS O MENOS;Si;50,68;0;2;1;1
8;20051;M;10;GUADALAJARA DE BUGA;30;INACTIVIDAD ACADEMICA;DESERTOR;NO;1;NO DEFINIDO;NO;49,17;2;2;1;1
8;20121;F;9;GUADALAJARA DE BUGA;27;-;NO DESERTOR;NO;0;MAS DE 4 Y MENOS DE 6 SALARIOS MINIMOS;Si;44,64;0;4;3;1
7;20121;F;8;TRUJILLO;29;-;NO DESERTOR;NO;0;NO DEFINIDO;NO;41,77;0;3;1;2
7;20121;M;8;BARRAGAN;27;-;NO DESERTOR;NO;2;DOS SALARIOS MÍNIMOS O MENOS;NO;42,44;0;2;1;1
7;20121;M;3;TULUÁ;28;INACTIVIDAD ACADEMICA;DESERTOR;NO;0;DOS SALARIOS MÍNIMOS O MENOS;NO;50,95;0;1;0;1
7;20121;M;2;TULUÁ;40;-;NO DESERTOR;SI;1;MAS DE 2 Y MENOS DE 4 SALARIOS MINIMOS;NO;56,52;1;7;6;1
7;20121;F;7;TULUÁ;27;-;NO DESERTOR;NO;0;MAS DE 2 Y MENOS DE 4 SALARIOS MINIMOS;NO;52,6;0;5;4;1
7;20121;F;5;TULUÁ;26;-;NO DESERTOR;NO;0;MAS DE 2 Y MENOS DE 4 SALARIOS MINIMOS;NO;60,32;0;7;6;1
7;20121;M;7;ANDALUCÍA;27;-;NO DESERTOR;NO;0;DOS SALARIOS MÍNIMOS O MENOS;NO;47,72;0;6;5;1
7;20121;F;4;TULUÁ;28;INACTIVIDAD ACADEMICA;DESERTOR;NO;0;DOS SALARIOS MÍNIMOS O MENOS;NO;44,12;0;7;6;1
7;20121;M;2;TULUÁ;26;-;NO DESERTOR;NO;0;DOS SALARIOS MÍNIMOS O MENOS;NO;59,41;1;5;4;1
7;20121;F;4;TULUÁ;25;-;NO DESERTOR;NO;0;MAS DE 2 Y MENOS DE 4 SALARIOS MINIMOS;NO;50,4;1;6;5;1
7;20121;M;7;TULUÁ;27;-;NO DESERTOR;NO;0;MAS DE 4 Y MENOS DE 6 SALARIOS MINIMOS;Si;44,76;1;2;1;1
7;20121;M;6;TULUÁ;28;-;NO DESERTOR;NO;0;MAS DE 8 SALARIOS MINIMOS;Si;43,72;0;7;6;1
7;20121;F;9;TULUÁ;27;-;NO DESERTOR;NO;0;DOS SALARIOS MÍNIMOS O MENOS;Si;48,44;0;4;3;1
7;20121;F;2;TULUÁ;24;-;NO DESERTOR;NO;0;MAS DE 2 Y MENOS DE 4 SALARIOS MINIMOS;NO;52,66;0;6;5;1
7;20121;F;9;SAN PEDRO;26;-;NO DESERTOR;NO;0;MAS DE 2 Y MENOS DE 4 SALARIOS MINIMOS;NO;47,08;0;2;1;1
7;20121;F;5;TULUÁ;26;-;NO DESERTOR;NO;2;DOS SALARIOS MÍNIMOS O MENOS;NO;54,32;0;7;6;1
7;20121;M;5;GUADALAJARA DE BUGA;30;-;NO DESERTOR;NO;0;MAS DE 2 Y MENOS DE 4 SALARIOS MINIMOS;NO;46,07;1;7;6;1
7;20121;M;2;TULUÁ;25;-;NO DESERTOR;NO;0;MAS DE 6 Y MENOS DE 8 SALARIOS MINIMOS;Si;52,9;0;7;6;1
7;20121;M;1;TULUÁ;24;-;NO DESERTOR;NO;0;MAS DE 2 Y MENOS DE 4 SALARIOS MINIMOS;NO;51,19;2;4;3;1
7;20121;F;2;TULUÁ;27;INACTIVIDAD ACADEMICA;DESERTOR;NO;0;MAS DE 2 Y MENOS DE 4 SALARIOS MINIMOS;NO;50,78;0;7;6;1
7;20121;M;8;TULUÁ;28;-;NO DESERTOR;NO;0;NO DEFINIDO;Si;39,88;0;3;2;1
7;20121;M;7;SAN PEDRO;30;-;NO DESERTOR;NO;2;MAS DE 2 Y MENOS DE 4 SALARIOS MINIMOS;NO;48,14;0;3;2;1
7;20121;M;6;TULUÁ;28;-;NO DESERTOR;NO;0;MAS DE 4 Y MENOS DE 6 SALARIOS MINIMOS;Si;48,44;1;5;4;1
7;20121;F;1;BUGALAGRANDE;22;-;NO DESERTOR;NO;1;MAS DE 2 Y MENOS DE 4 SALARIOS MINIMOS;NO;42,97;1;4;4;0
7;20121;F;3;TULUÁ;31;-;NO DESERTOR;NO;0;MAS DE 2 Y MENOS DE 4 SALARIOS MINIMOS;NO;49,87;1;4;4;0
7;20121;F;4;ANSERMA;26;-;NO DESERTOR;NO;0;MAS DE 2 Y MENOS DE 4 SALARIOS MINIMOS;NO;47,44;0;2;1;1
7;20121;F;4;TULUÁ;25;-;NO DESERTOR;NO;0;MAS DE 2 Y MENOS DE 4 SALARIOS MINIMOS;Si;55,08;0;6;5;1
7;20121;F;1;TULUÁ;23;-;NO DESERTOR;NO;0;MAS DE 2 Y MENOS DE 4 SALARIOS MINIMOS;NO;46,74;0;8;7;1
7;20121;F;6;TULUÁ;26;-;NO DESERTOR;NO;0;MAS DE 4 Y MENOS DE 6 SALARIOS MINIMOS;Si;48,4;0;4;3;1
7;20121;F;1;TULUÁ;24;-;NO DESERTOR;NO;0;MAS DE 2 Y MENOS DE 4 SALARIOS MINIMOS;Si;55,64;0;6;5;1
7;20121;F;4;TULUÁ;27;-;NO DESERTOR;NO;0;MAS DE 2 Y MENOS DE 4 SALARIOS MINIMOS;Si;61,2;0;8;7;1
7;20121;F;3;TULUÁ;27;-;NO DESERTOR;SI;1;MAS DE 2 Y MENOS DE 4 SALARIOS MINIMOS;NO;54,43;0;5;4;1
7;20121;M;3;TULUÁ;25;-;NO DESERTOR;NO;0;MAS DE 2 Y MENOS DE 4 SALARIOS MINIMOS;Si;61,96;0;5;4;1
7;20121;M;1;TULUÁ;25;-;NO DESERTOR;NO;0;MAS DE 4 Y MENOS DE 6 SALARIOS MINIMOS;NO;45,52;1;8;7;1
7;20121;M;7;TULUÁ;26;-;NO DESERTOR;NO;0;MAS DE 4 Y MENOS DE 6 SALARIOS MINIMOS;Si;54,6;0;7;6;1
7;20121;F;2;TULUÁ;24;-;NO DESERTOR;NO;1;MAS DE 2 Y MENOS DE 4 SALARIOS MINIMOS;NO;56,76;0;5;5;0
7;20121;M;1;BUGALAGRANDE;27;-;NO DESERTOR;NO;0;DOS SALARIOS MÍNIMOS O MENOS;NO;46,81;1;9;7;2
7;20121;M;1;TULUÁ;27;-;NO DESERTOR;SI;1;MAS DE 2 Y MENOS DE 4 SALARIOS MINIMOS;Si;51,95;0;5;4;1
7;20121;M;6;TULUÁ;30;-;NO DESERTOR;NO;0;DOS SALARIOS MÍNIMOS O MENOS;NO;44,44;1;2;1;1
7;20121;M;7;GUADALAJARA DE BUGA;27;-;NO DESERTOR;NO;0;MAS DE 2 Y MENOS DE 4 SALARIOS MINIMOS;Si;46,48;1;2;1;1
7;20121;M;4;TULUÁ;37;-;NO DESERTOR;SI;0;DOS SALARIOS MÍNIMOS O MENOS;NO;42,48;0;7;6;1
7;20121;M;2;TULUÁ;25;INACTIVIDAD ACADEMICA;DESERTOR;NO;3;MAS DE 6 Y MENOS DE 8 SALARIOS MINIMOS;NO;48,86;0;4;3;1
7;20121;M;9;TULUÁ;30;-;NO DESERTOR;NO;0;MAS DE 2 Y MENOS DE 4 SALARIOS MINIMOS;Si;53,94;1;5;4;1
7;20121;M;5;TRUJILLO;26;-;NO DESERTOR;NO;0;MAS DE 2 Y MENOS DE 4 SALARIOS MINIMOS;Si;56,24;0;7;6;1
7;20121;M;4;BUGALAGRANDE;28;-;NO DESERTOR;NO;0;DOS SALARIOS MÍNIMOS O MENOS;NO;46;3;2;1;1
7;20121;M;3;TULUÁ;26;-;NO DESERTOR;NO;0;MAS DE 6 Y MENOS DE 8 SALARIOS MINIMOS;NO;50,32;0;8;7;1
7;20121;M;4;TULUÁ;28;-;NO DESERTOR;NO;0;DOS SALARIOS MÍNIMOS O MENOS;Si;49,26;0;9;8;1
7;20091;M;8;TULUÁ;39;-;NO DESERTOR;NO;0;NO DEFINIDO;Si;50,95;0;1;0;1
7;20051;F;1;ANDALUCÍA;34;-;NO DESERTOR;NO;0;NO DEFINIDO;NO;50,95;0;1;0;1
7;20121;F;9;SEVILLA;28;-;NO DESERTOR;NO;0;NO DEFINIDO;NO;41,24;1;2;1;1
7;20121;F;7;ANDALUCÍA;25;-;NO DESERTOR;NO;0;MAS DE 2 Y MENOS DE 4 SALARIOS MINIMOS;NO;51,76;0;5;4;1
7;20121;F;7;TULUÁ;32;-;NO DESERTOR;NO;0;MAS DE 2 Y MENOS DE 4 SALARIOS MINIMOS;NO;42,17;1;5;4;1
7;20121;F;4;GUADALAJARA DE BUGA;31;-;NO DESERTOR;NO;1;DOS SALARIOS MÍNIMOS O MENOS;NO;50,09;1;7;6;1
7;20121;M;3;ANDALUCÍA;28;-;NO DESERTOR;NO;0;MAS DE 4 Y MENOS DE 6 SALARIOS MINIMOS;NO;49,22;0;3;2;1
7;20121;F;3;BUGALAGRANDE;24;-;NO DESERTOR;NO;0;MAS DE 2 Y MENOS DE 4 SALARIOS MINIMOS;NO;68,93;0;3;2;1
7;20121;M;7;TULUÁ;26;-;NO DESERTOR;NO;0;MAS DE 2 Y MENOS DE 4 SALARIOS MINIMOS;Si;42,12;0;7;5;2
7;20121;M;7;BUGALAGRANDE;29;-;NO DESERTOR;NO;0;NO DEFINIDO;Si;50,83;0;2;1;1
7;20121;M;6;TULUÁ;26;-;NO DESERTOR;NO;0;DOS SALARIOS MÍNIMOS O MENOS;Si;54,56;0;7;6;1
7;20121;M;3;BUENAVENTURA;25;-;NO DESERTOR;NO;0;MAS DE 2 Y MENOS DE 4 SALARIOS MINIMOS;NO;46,95;1;5;4;1
7;20121;M;7;TULUÁ;30;-;NO DESERTOR;NO;0;MAS DE 4 Y MENOS DE 6 SALARIOS MINIMOS;Si;46,51;1;5;4;1
7;20121;M;1;TULUÁ;24;-;NO DESERTOR;NO;2;DOS SALARIOS MÍNIMOS O MENOS;NO;46,01;1;3;3;0
7;20121;M;2;TULUÁ;26;-;NO DESERTOR;NO;0;MAS DE 6 Y MENOS DE 8 SALARIOS MINIMOS;NO;47,24;0;5;5;0
7;20121;F;10;TULUÁ;28;-;NO DESERTOR;NO;0;DOS SALARIOS MÍNIMOS O MENOS;NO;50,32;0;5;3;2
7;20121;F;7;TULUÁ;26;-;NO DESERTOR;NO;0;DOS SALARIOS MÍNIMOS O MENOS;NO;48,64;1;6;5;1
7;20121;F;5;TULUÁ;25;-;NO DESERTOR;NO;1;DOS SALARIOS MÍNIMOS O MENOS;NO;57,92;0;8;7;1
7;20121;F;3;TULUÁ;27;INACTIVIDAD ACADEMICA;DESERTOR;NO;0;MAS DE 6 Y MENOS DE 8 SALARIOS MINIMOS;NO;40,71;1;3;3;0
7;20121;F;1;TULUÁ;24;-;NO DESERTOR;NO;0;MAS DE 2 Y MENOS DE 4 SALARIOS MINIMOS;NO;45,39;1;5;4;1
7;20121;F;2;TULUÁ;28;CANCELACION DE MATRICULA;DESERTOR;NO;1;MAS DE 4 Y MENOS DE 6 SALARIOS MINIMOS;NO;46,16;0;7;6;1
7;20121;F;2;TULUÁ;28;INACTIVIDAD ACADEMICA;DESERTOR;NO;0;DOS SALARIOS MÍNIMOS O MENOS;NO;43,81;1;5;4;1
7;20121;M;5;BUGALAGRANDE;27;-;NO DESERTOR;NO;0;DOS SALARIOS MÍNIMOS O MENOS;Si;50;1;6;5;1
7;20121;F;5;TULUÁ;25;-;NO DESERTOR;NO;0;MAS DE 2 Y MENOS DE 4 SALARIOS MINIMOS;Si;59,12;0;5;4;1
7;20121;M;9;CALI;27;-;NO DESERTOR;NO;2;MAS DE 2 Y MENOS DE 4 SALARIOS MINIMOS;Si;50,95;0;0;0;0
7;20121;M;2;EL CERRITO;24;-;NO DESERTOR;NO;2;MAS DE 4 Y MENOS DE 6 SALARIOS MINIMOS;NO;61,24;1;6;5;1
7;20121;F;10;TULUÁ;33;-;NO DESERTOR;NO;0;DOS SALARIOS MÍNIMOS O MENOS;Si;50,1;1;2;1;1
7;20121;M;3;TULUÁ;25;-;NO DESERTOR;NO;1;MAS DE 2 Y MENOS DE 4 SALARIOS MINIMOS;NO;33,39;0;6;5;1
7;20121;M;2;TULUÁ;26;-;NO DESERTOR;NO;0;MAS DE 2 Y MENOS DE 4 SALARIOS MINIMOS;NO;32,82;1;3;3;0
7;20121;M;2;TULUÁ;24;-;NO DESERTOR;NO;1;DOS SALARIOS MÍNIMOS O MENOS;NO;51,17;0;4;3;1
7;20121;M;5;TULUÁ;27;-;NO DESERTOR;NO;0;MAS DE 4 Y MENOS DE 6 SALARIOS MINIMOS;Si;54,16;0;7;6;1
7;20121;M;9;GUADALAJARA DE BUGA;27;-;NO DESERTOR;NO;0;DOS SALARIOS MÍNIMOS O MENOS;Si;47,56;1;2;1;1
7;20121;M;4;TULUÁ;26;-;NO DESERTOR;NO;1;MAS DE 4 Y MENOS DE 6 SALARIOS MINIMOS;NO;55,8;1;5;4;1
7;20121;M;8;TULUÁ;31;-;NO DESERTOR;NO;2;DOS SALARIOS MÍNIMOS O MENOS;Si;50,95;0;3;2;1
7;20121;M;8;GUADALAJARA DE BUGA;28;-;NO DESERTOR;NO;0;DOS SALARIOS MÍNIMOS O MENOS;Si;46,16;0;2;1;1
7;20121;F;1;TULUÁ;25;-;NO DESERTOR;NO;1;MAS DE 2 Y MENOS DE 4 SALARIOS MINIMOS;NO;40,27;1;4;3;1
7;20121;F;8;TULUÁ;31;-;NO DESERTOR;NO;0;DOS SALARIOS MÍNIMOS O MENOS;Si;46,78;2;3;2;1
7;20121;F;9;TULUÁ;28;-;NO DESERTOR;NO;2;DOS SALARIOS MÍNIMOS O MENOS;Si;51,72;0;2;1;1
7;20121;F;2;BUGALAGRANDE;26;-;NO DESERTOR;NO;0;DOS SALARIOS MÍNIMOS O MENOS;Si;51,44;1;6;5;1
7;20121;F;1;TULUÁ;24;-;NO DESERTOR;NO;2;DOS SALARIOS MÍNIMOS O MENOS;Si;48,41;0;7;6;1
7;20121;F;5;TRUJILLO;28;-;NO DESERTOR;NO;0;DOS SALARIOS MÍNIMOS O MENOS;Si;49,24;0;7;6;1
7;20121;F;3;YOTOCO;34;INACTIVIDAD ACADEMICA;DESERTOR;SI;1;DOS SALARIOS MÍNIMOS O MENOS;NO;38,91;2;2;1;1
7;20121;F;5;TULUÁ;25;-;NO DESERTOR;NO;0;MAS DE 2 Y MENOS DE 4 SALARIOS MINIMOS;Si;60,28;0;4;3;1
7;20121;F;9;TULUÁ;28;-;NO DESERTOR;NO;0;DOS SALARIOS MÍNIMOS O MENOS;Si;48,68;0;4;2;2
7;20121;M;7;LA UNIÓN;29;-;NO DESERTOR;NO;0;MAS DE 4 Y MENOS DE 6 SALARIOS MINIMOS;NO;39,92;1;2;1;1
7;20121;M;7;TULUÁ;30;-;NO DESERTOR;NO;0;MAS DE 4 Y MENOS DE 6 SALARIOS MINIMOS;NO;45,69;1;2;1;1
7;20121;M;4;TULUÁ;30;-;NO DESERTOR;NO;0;MAS DE 2 Y MENOS DE 4 SALARIOS MINIMOS;NO;47,54;3;2;1;1
7;20121;M;4;TULUÁ;30;-;NO DESERTOR;NO;0;NO DEFINIDO;NO;44,1;3;2;1;1
7;20121;M;3;GUADALAJARA DE BUGA;25;-;NO DESERTOR;NO;2;DOS SALARIOS MÍNIMOS O MENOS;NO;48,4;1;5;4;1
7;20121;M;6;ANDALUCÍA;28;-;NO DESERTOR;NO;0;NO DEFINIDO;NO;52,6;1;2;1;1
7;20121;M;7;AIPE;31;-;NO DESERTOR;NO;0;DOS SALARIOS MÍNIMOS O MENOS;Si;49,26;0;2;1;1
7;20121;M;3;TULUÁ;25;-;NO DESERTOR;NO;2;MAS DE 2 Y MENOS DE 4 SALARIOS MINIMOS;NO;61,03;1;6;5;1
7;20121;F;1;BUENAVENTURA;33;-;NO DESERTOR;NO;0;MAS DE 2 Y MENOS DE 4 SALARIOS MINIMOS;NO;46,12;1;6;6;0
7;20121;M;8;BUENAVENTURA;30;-;NO DESERTOR;NO;0;DOS SALARIOS MÍNIMOS O MENOS;NO;50,95;2;2;1;1
7;20121;F;3;TULUÁ;24;-;NO DESERTOR;NO;0;MAS DE 6 Y MENOS DE 8 SALARIOS MINIMOS;NO;56,69;0;5;4;1
7;20121;F;1;PEREIRA;25;-;NO DESERTOR;NO;1;DOS SALARIOS MÍNIMOS O MENOS;NO;72,79;0;7;7;0
7;20121;F;1;ANDALUCÍA;25;-;NO DESERTOR;NO;2;DOS SALARIOS MÍNIMOS O MENOS;NO;39,81;1;4;4;0
7;20121;M;6;TULUÁ;26;-;NO DESERTOR;NO;0;DOS SALARIOS MÍNIMOS O MENOS;NO;42,32;1;8;7;1
7;20121;M;5;TULUÁ;26;-;NO DESERTOR;NO;1;MAS DE 2 Y MENOS DE 4 SALARIOS MINIMOS;NO;50,84;0;6;5;1
7;20121;M;10;TULUÁ;28;-;NO DESERTOR;NO;0;NO DEFINIDO;Si;65,17;0;3;2;1
7;20121;M;8;TULUÁ;30;-;NO DESERTOR;NO;0;MAS DE 2 Y MENOS DE 4 SALARIOS MINIMOS;NO;42,08;1;2;1;1
7;20121;M;4;TULUÁ;24;-;NO DESERTOR;NO;0;DOS SALARIOS MÍNIMOS O MENOS;NO;51,29;0;7;6;1
7;20121;M;1;BUGALAGRANDE;22;-;NO DESERTOR;NO;2;DOS SALARIOS MÍNIMOS O MENOS;NO;45,07;1;5;5;0
7;20091;M;4;TULUÁ;29;-;NO DESERTOR;NO;0;NO DEFINIDO;Si;48,16;3;1;1;0
7;20121;F;3;BUGALAGRANDE;26;-;NO DESERTOR;NO;0;MAS DE 2 Y MENOS DE 4 SALARIOS MINIMOS;NO;45,56;1;7;6;1
7;20121;F;9;YOTOCO;28;-;NO DESERTOR;NO;2;NO DEFINIDO;Si;50,95;2;2;1;1
7;20121;M;8;TULUÁ;38;-;NO DESERTOR;NO;0;MAS DE 2 Y MENOS DE 4 SALARIOS MINIMOS;NO;50,6;0;5;4;1
7;20121;F;8;TULUÁ;28;-;NO DESERTOR;NO;2;MAS DE 4 Y MENOS DE 6 SALARIOS MINIMOS;Si;43,2;0;2;1;1
7;20121;M;6;TULUÁ;28;-;NO DESERTOR;NO;0;NO DEFINIDO;NO;37,8;2;2;1;1
7;20121;M;5;TULUÁ;28;-;NO DESERTOR;NO;2;DOS SALARIOS MÍNIMOS O MENOS;NO;50,4;0;4;3;1
7;20121;M;2;GUADALAJARA DE BUGA;24;-;NO DESERTOR;NO;1;MAS DE 4 Y MENOS DE 6 SALARIOS MINIMOS;Si;60,39;0;6;5;1
7;20121;M;6;BUENAVENTURA;44;INACTIVIDAD ACADEMICA;DESERTOR;NO;0;NO DEFINIDO;NO;50,95;0;1;0;1
7;20121;M;7;TULUÁ;28;-;NO DESERTOR;NO;0;DOS SALARIOS MÍNIMOS O MENOS;NO;56,8;1;6;5;1
7;20121;M;8;TULUÁ;28;-;NO DESERTOR;NO;1;NO DEFINIDO;Si;44,36;3;2;1;1
7;20121;M;5;TULUÁ;25;-;NO DESERTOR;NO;1;DOS SALARIOS MÍNIMOS O MENOS;Si;49,12;0;7;6;1
7;20121;M;2;ANDALUCÍA;28;-;NO DESERTOR;NO;0;DOS SALARIOS MÍNIMOS O MENOS;NO;54,73;0;5;4;1
7;20121;M;6;TULUÁ;31;-;NO DESERTOR;NO;2;DOS SALARIOS MÍNIMOS O MENOS;NO;43,84;2;2;1;1
7;20051;F;5;TULUÁ;33;INACTIVIDAD ACADEMICA;DESERTOR;NO;0;NO DEFINIDO;NO;50,95;0;2;0;2
7;20121;F;3;TULUÁ;24;-;NO DESERTOR;NO;0;DOS SALARIOS MÍNIMOS O MENOS;NO;59,71;0;6;5;1
7;20121;F;2;RIOFRÍO;25;-;NO DESERTOR;NO;0;MAS DE 2 Y MENOS DE 4 SALARIOS MINIMOS;NO;41,75;0;5;4;1
7;20121;F;1;TULUÁ;23;-;NO DESERTOR;NO;0;DOS SALARIOS MÍNIMOS O MENOS;NO;50,12;0;7;6;1
7;20121;F;9;TULUÁ;29;-;NO DESERTOR;NO;0;MAS DE 2 Y MENOS DE 4 SALARIOS MINIMOS;NO;51,68;0;2;1;1
7;20121;M;9;TULUÁ;28;-;NO DESERTOR;NO;0;NO DEFINIDO;Si;50,95;0;1;0;1
7;20121;M;8;GUADALAJARA DE BUGA;29;-;NO DESERTOR;NO;1;DOS SALARIOS MÍNIMOS O MENOS;NO;66,44;0;2;1;1
7;20121;M;1;ANDALUCÍA;23;-;NO DESERTOR;NO;0;MAS DE 2 Y MENOS DE 4 SALARIOS MINIMOS;NO;58,51;1;3;2;1
7;20121;M;6;TULUÁ;31;-;NO DESERTOR;NO;0;MAS DE 2 Y MENOS DE 4 SALARIOS MINIMOS;Si;46,17;1;6;5;1
7;20121;M;8;BUENAVENTURA;29;-;NO DESERTOR;NO;0;DOS SALARIOS MÍNIMOS O MENOS;Si;46,44;0;2;1;1
7;20121;M;3;TULUÁ;25;-;NO DESERTOR;NO;0;MAS DE 2 Y MENOS DE 4 SALARIOS MINIMOS;NO;52,87;0;5;4;1
7;20121;F;4;TULUÁ;27;-;NO DESERTOR;SI;0;DOS SALARIOS MÍNIMOS O MENOS;NO;48,4;0;7;6;1
7;20121;F;6;ROLDANILLO;26;-;NO DESERTOR;NO;0;MAS DE 4 Y MENOS DE 6 SALARIOS MINIMOS;NO;41,76;1;6;5;1
7;20051;F;11;TULUÁ;28;-;NO DESERTOR;NO;0;NO DEFINIDO;NO;58,81;0;3;2;1
7;20121;F;1;TULUÁ;26;-;NO DESERTOR;NO;1;DOS SALARIOS MÍNIMOS O MENOS;NO;42,76;1;4;3;1
7;20121;M;6;TULUÁ;29;-;NO DESERTOR;NO;3;MAS DE 4 Y MENOS DE 6 SALARIOS MINIMOS;Si;39,36;0;8;6;2
7;20121;M;8;YOTOCO;28;-;NO DESERTOR;NO;0;DOS SALARIOS MÍNIMOS O MENOS;NO;53,84;0;2;1;1
7;20121;M;3;TULUÁ;29;INACTIVIDAD ACADEMICA;DESERTOR;NO;0;DOS SALARIOS MÍNIMOS O MENOS;NO;49,58;0;7;6;1
7;20121;M;2;TULUÁ;25;-;NO DESERTOR;NO;2;MAS DE 2 Y MENOS DE 4 SALARIOS MINIMOS;NO;53,16;0;5;4;1
7;20121;M;8;TULUÁ;28;-;NO DESERTOR;NO;2;DOS SALARIOS MÍNIMOS O MENOS;Si;41,48;0;2;1;1
7;20121;M;7;ANDALUCÍA;27;-;NO DESERTOR;NO;1;DOS SALARIOS MÍNIMOS O MENOS;Si;50,28;1;2;1;1
7;20121;M;2;ANDALUCÍA;27;-;NO DESERTOR;NO;0;MAS DE 2 Y MENOS DE 4 SALARIOS MINIMOS;NO;58,65;1;4;3;1
7;20121;M;6;TULUÁ;27;-;NO DESERTOR;NO;0;MAS DE 2 Y MENOS DE 4 SALARIOS MINIMOS;Si;49,56;1;6;5;1
7;20121;M;7;TULUÁ;29;-;NO DESERTOR;NO;0;NO DEFINIDO;Si;56,52;3;2;1;1
7;20121;M;5;TULUÁ;27;-;NO DESERTOR;NO;2;DOS SALARIOS MÍNIMOS O MENOS;Si;48,08;0;5;4;1
7;20121;M;1;TULUÁ;24;-;NO DESERTOR;NO;2;MAS DE 2 Y MENOS DE 4 SALARIOS MINIMOS;Si;53,73;0;9;8;1
7;20121;M;6;TULUÁ;25;-;NO DESERTOR;NO;0;DOS SALARIOS MÍNIMOS O MENOS;Si;48,12;0;5;4;1
7;20121;M;3;TULUÁ;25;-;NO DESERTOR;NO;2;MAS DE 4 Y MENOS DE 6 SALARIOS MINIMOS;NO;46,12;3;2;1;1
7;20121;M;7;GUADALAJARA DE BUGA;27;INACTIVIDAD ACADEMICA;DESERTOR;NO;2;DOS SALARIOS MÍNIMOS O MENOS;NO;40,52;2;5;4;1
7;20121;M;8;TULUÁ;27;-;NO DESERTOR;NO;0;DOS SALARIOS MÍNIMOS O MENOS;Si;40,44;3;2;1;1
7;20121;M;2;BUGALAGRANDE;24;-;NO DESERTOR;NO;0;MAS DE 2 Y MENOS DE 4 SALARIOS MINIMOS;NO;52,13;1;8;7;1
7;20121;M;3;TULUÁ;24;-;NO DESERTOR;NO;0;MAS DE 6 Y MENOS DE 8 SALARIOS MINIMOS;Si;52,73;0;5;4;1
7;20121;M;9;TULUÁ;28;-;NO DESERTOR;NO;0;NO DEFINIDO;Si;60,76;0;2;1;1
7;20121;M;4;TULUÁ;31;-;NO DESERTOR;NO;1;NO DEFINIDO;NO;48,73;1;3;1;2
7;20121;M;8;TULUÁ;30;-;NO DESERTOR;NO;0;NO DEFINIDO;Si;45,56;2;3;2;1
7;20121;M;10;ANDALUCÍA;28;-;NO DESERTOR;NO;0;NO DEFINIDO;Si;55,72;0;2;1;1
7;20121;M;9;GUADALAJARA DE BUGA;28;-;NO DESERTOR;NO;0;DOS SALARIOS MÍNIMOS O MENOS;Si;53,2;0;2;1;1
7;20121;M;8;TULUÁ;28;-;NO DESERTOR;NO;1;MAS DE 2 Y MENOS DE 4 SALARIOS MINIMOS;Si;49,84;0;4;2;2
7;20121;M;8;TULUÁ;27;-;NO DESERTOR;NO;0;MAS DE 6 Y MENOS DE 8 SALARIOS MINIMOS;Si;50,08;0;3;2;1
7;20121;M;7;TULUÁ;30;-;NO DESERTOR;NO;0;MAS DE 2 Y MENOS DE 4 SALARIOS MINIMOS;Si;52,2;0;6;5;1
7;20121;M;6;TULUÁ;25;-;NO DESERTOR;NO;1;MAS DE 2 Y MENOS DE 4 SALARIOS MINIMOS;NO;53,72;0;7;6;1
7;20121;M;5;TULUÁ;25;-;NO DESERTOR;NO;0;DOS SALARIOS MÍNIMOS O MENOS;Si;56,32;0;4;3;1
7;20121;M;4;GUADALAJARA DE BUGA;24;-;NO DESERTOR;NO;2;DOS SALARIOS MÍNIMOS O MENOS;NO;51,89;0;10;9;1
7;20121;M;3;TULUÁ;25;-;NO DESERTOR;NO;0;DOS SALARIOS MÍNIMOS O MENOS;NO;60,51;0;6;5;1
7;20121;M;2;GUADALAJARA DE BUGA;28;-;NO DESERTOR;NO;1;DOS SALARIOS MÍNIMOS O MENOS;NO;57,83;0;7;5;2
7;20121;M;2;GUADALAJARA DE BUGA;24;-;NO DESERTOR;NO;0;NO DEFINIDO;Si;50,95;0;7;6;1
7;20121;M;1;TULUÁ;23;-;NO DESERTOR;NO;0;DOS SALARIOS MÍNIMOS O MENOS;NO;56,46;1;7;7;0
7;20051;M;9;BUGALAGRANDE;29;-;NO DESERTOR;NO;0;NO DEFINIDO;Si;49,33;0;2;1;1
7;20121;M;4;TULUÁ;28;-;NO DESERTOR;NO;0;DOS SALARIOS MÍNIMOS O MENOS;NO;43,56;2;2;1;1
7;20121;M;8;GUADALAJARA DE BUGA;28;-;NO DESERTOR;NO;0;DOS SALARIOS MÍNIMOS O MENOS;Si;53,45;0;2;1;1
7;20121;M;1;TULUÁ;24;-;NO DESERTOR;NO;0;DOS SALARIOS MÍNIMOS O MENOS;NO;61,07;1;6;5;1
7;20091;M;11;SAN PEDRO;31;-;NO DESERTOR;NO;0;NO DEFINIDO;Si;50,95;0;1;0;1
7;20121;M;5;ANDALUCÍA;25;-;NO DESERTOR;NO;0;MAS DE 2 Y MENOS DE 4 SALARIOS MINIMOS;Si;39,48;1;6;5;1
7;20121;M;3;TULUÁ;25;-;NO DESERTOR;NO;1;MAS DE 4 Y MENOS DE 6 SALARIOS MINIMOS;NO;52,08;1;4;3;1
7;20121;M;1;CALI;23;INACTIVIDAD ACADEMICA;DESERTOR;NO;0;MAS DE 8 SALARIOS MINIMOS;NO;66,53;0;6;6;0
7;20121;M;3;GUADALAJARA DE BUGA;29;-;NO DESERTOR;NO;3;MAS DE 6 Y MENOS DE 8 SALARIOS MINIMOS;Si;48,94;0;5;4;1
7;20121;M;1;TULUÁ;23;-;NO DESERTOR;NO;1;MAS DE 2 Y MENOS DE 4 SALARIOS MINIMOS;Si;51,56;0;7;6;1
7;20121;M;4;TULUÁ;31;INACTIVIDAD ACADEMICA;DESERTOR;NO;0;MAS DE 2 Y MENOS DE 4 SALARIOS MINIMOS;NO;43,2;0;5;4;1
7;20121;M;2;GUADALAJARA DE BUGA;25;INACTIVIDAD ACADEMICA;DESERTOR;NO;4;MAS DE 4 Y MENOS DE 6 SALARIOS MINIMOS;NO;63,09;2;6;6;0
7;20121;M;2;BUGALAGRANDE;24;-;NO DESERTOR;NO;0;MAS DE 4 Y MENOS DE 6 SALARIOS MINIMOS;NO;52,53;1;6;5;1
7;20121;M;1;TULUÁ;24;INACTIVIDAD ACADEMICA;DESERTOR;NO;1;DOS SALARIOS MÍNIMOS O MENOS;NO;60,19;3;7;6;1
7;20121;M;2;TULUÁ;28;-;NO DESERTOR;NO;0;NO DEFINIDO;Si;50,95;0;2;1;1
7;20121;M;10;TULUÁ;29;-;NO DESERTOR;NO;2;MAS DE 2 Y MENOS DE 4 SALARIOS MINIMOS;Si;50,95;0;2;1;1
7;20121;M;6;MEDELLÍN;28;-;NO DESERTOR;NO;0;MAS DE 2 Y MENOS DE 4 SALARIOS MINIMOS;NO;43,56;1;5;4;1
7;20121;M;2;TULUÁ;30;-;NO DESERTOR;NO;1;DOS SALARIOS MÍNIMOS O MENOS;NO;48,31;0;7;6;1
7;20121;M;3;TULUÁ;29;INACTIVIDAD ACADEMICA;DESERTOR;NO;0;NO DEFINIDO;NO;50,95;0;1;0;1
7;20121;M;8;TULUÁ;28;-;NO DESERTOR;NO;1;DOS SALARIOS MÍNIMOS O MENOS;Si;41,8;0;3;2;1
7;20121;M;5;TULUÁ;25;-;NO DESERTOR;NO;0;MAS DE 2 Y MENOS DE 4 SALARIOS MINIMOS;Si;54,88;0;4;3;1
7;20121;M;1;TULUÁ;28;-;NO DESERTOR;NO;0;MAS DE 4 Y MENOS DE 6 SALARIOS MINIMOS;Si;52,97;0;6;5;1
7;20121;M;1;TULUÁ;26;INACTIVIDAD ACADEMICA;DESERTOR;NO;0;NO DEFINIDO;NO;57,07;4;4;3;1
7;20121;F;9;TRUJILLO;28;-;NO DESERTOR;NO;0;NO DEFINIDO;NO;42,08;0;3;2;1
7;20121;F;8;TULUÁ;28;-;NO DESERTOR;NO;1;DOS SALARIOS MÍNIMOS O MENOS;NO;46,44;0;3;1;2
7;20121;F;7;TULUÁ;26;-;NO DESERTOR;NO;0;MAS DE 2 Y MENOS DE 4 SALARIOS MINIMOS;NO;51,32;0;6;5;1
7;20121;F;1;TULUÁ;22;-;NO DESERTOR;NO;0;MAS DE 2 Y MENOS DE 4 SALARIOS MINIMOS;Si;61,49;1;6;5;1
7;20121;M;5;TULUÁ;27;-;NO DESERTOR;NO;0;MAS DE 2 Y MENOS DE 4 SALARIOS MINIMOS;Si;47,56;1;7;6;1
7;20121;M;2;TULUÁ;30;INACTIVIDAD ACADEMICA;DESERTOR;NO;0;DOS SALARIOS MÍNIMOS O MENOS;NO;51,19;0;6;6;0
7;20121;M;1;BUGALAGRANDE;22;-;NO DESERTOR;NO;0;MAS DE 2 Y MENOS DE 4 SALARIOS MINIMOS;NO;41,51;1;5;4;1
7;20121;M;2;GUADALAJARA DE BUGA;28;-;NO DESERTOR;SI;0;DOS SALARIOS MÍNIMOS O MENOS;NO;42,71;1;6;5;1
7;20121;M;3;GUADALAJARA DE BUGA;24;-;NO DESERTOR;NO;0;MAS DE 2 Y MENOS DE 4 SALARIOS MINIMOS;Si;54,32;0;4;3;1
7;20121;M;10;ANDALUCÍA;38;-;NO DESERTOR;NO;0;NO DEFINIDO;Si;49,68;1;2;1;1
7;20121;F;5;TULUÁ;27;-;NO DESERTOR;NO;2;DOS SALARIOS MÍNIMOS O MENOS;Si;47,44;0;8;7;1
7;20121;M;6;GUADALAJARA DE BUGA;26;-;NO DESERTOR;NO;1;MAS DE 2 Y MENOS DE 4 SALARIOS MINIMOS;Si;50,4;0;4;3;1
7;20121;F;5;GINEBRA;27;-;NO DESERTOR;NO;0;DOS SALARIOS MÍNIMOS O MENOS;Si;51,48;1;5;4;1
7;20121;F;1;BUENAVENTURA;23;-;NO DESERTOR;NO;0;DOS SALARIOS MÍNIMOS O MENOS;Si;49,99;0;8;7;1
7;20121;F;3;TULUÁ;24;-;NO DESERTOR;NO;3;DOS SALARIOS MÍNIMOS O MENOS;NO;47,81;0;5;4;1
7;20121;F;2;ROLDANILLO;26;-;NO DESERTOR;NO;0;MAS DE 4 Y MENOS DE 6 SALARIOS MINIMOS;NO;50,21;0;4;3;1
7;20121;M;9;TULUÁ;31;-;NO DESERTOR;NO;0;NO DEFINIDO;NO;50,95;0;2;0;2
7;20121;M;2;GUADALAJARA DE BUGA;25;-;NO DESERTOR;NO;3;DOS SALARIOS MÍNIMOS O MENOS;NO;47,42;1;7;5;2
7;20121;M;1;BUENAVENTURA;23;-;NO DESERTOR;NO;0;MAS DE 2 Y MENOS DE 4 SALARIOS MINIMOS;NO;50,26;1;6;6;0
7;20121;M;3;TULUÁ;26;-;NO DESERTOR;NO;0;MAS DE 4 Y MENOS DE 6 SALARIOS MINIMOS;NO;43,11;1;7;6;1
7;20121;M;2;TULUÁ;26;-;NO DESERTOR;NO;0;DOS SALARIOS MÍNIMOS O MENOS;NO;49,78;1;5;4;1
7;20121;M;9;BUENAVENTURA;29;-;NO DESERTOR;NO;2;DOS SALARIOS MÍNIMOS O MENOS;Si;37,36;1;2;1;1
7;20051;M;9;GUADALAJARA DE BUGA;28;-;NO DESERTOR;NO;0;NO DEFINIDO;Si;55,99;0;3;2;1
7;20121;M;7;TULUÁ;27;-;NO DESERTOR;NO;3;DOS SALARIOS MÍNIMOS O MENOS;Si;38,56;0;2;1;1
7;20121;F;5;ROLDANILLO;30;-;NO DESERTOR;NO;1;MAS DE 4 Y MENOS DE 6 SALARIOS MINIMOS;NO;52,15;0;7;6;1
7;20121;F;9;TULUÁ;29;-;NO DESERTOR;NO;0;NO DEFINIDO;NO;49,48;1;2;1;1
7;20121;F;6;TULUÁ;26;-;NO DESERTOR;NO;2;MAS DE 2 Y MENOS DE 4 SALARIOS MINIMOS;NO;37,24;1;5;4;1
7;20121;F;9;BUENAVENTURA;27;-;NO DESERTOR;NO;2;NO DEFINIDO;Si;51,56;2;3;2;1
7;20121;F;3;TULUÁ;25;-;NO DESERTOR;NO;0;DOS SALARIOS MÍNIMOS O MENOS;NO;51,24;0;4;3;1
7;20121;F;9;ANDALUCÍA;26;-;NO DESERTOR;NO;0;MAS DE 2 Y MENOS DE 4 SALARIOS MINIMOS;Si;46,28;1;4;3;1
7;20121;F;1;TULUÁ;25;-;NO DESERTOR;NO;0;MAS DE 2 Y MENOS DE 4 SALARIOS MINIMOS;NO;56,15;1;6;5;1
7;20121;F;3;TULUÁ;26;-;NO DESERTOR;NO;1;MAS DE 6 Y MENOS DE 8 SALARIOS MINIMOS;NO;40,03;1;4;3;1
7;20121;F;7;TULUÁ;29;-;NO DESERTOR;NO;0;DOS SALARIOS MÍNIMOS O MENOS;Si;46,76;1;3;2;1
7;20121;F;9;TULUÁ;29;-;NO DESERTOR;NO;1;MAS DE 4 Y MENOS DE 6 SALARIOS MINIMOS;Si;49,08;1;4;2;2
7;20121;F;6;TULUÁ;27;-;NO DESERTOR;NO;0;MAS DE 2 Y MENOS DE 4 SALARIOS MINIMOS;Si;41,16;1;6;5;1
7;20121;M;1;BUENAVENTURA;24;INACTIVIDAD ACADEMICA;DESERTOR;NO;1;DOS SALARIOS MÍNIMOS O MENOS;NO;47,61;1;7;7;0
7;20121;M;7;GUADALAJARA DE BUGA;36;-;NO DESERTOR;NO;0;MAS DE 4 Y MENOS DE 6 SALARIOS MINIMOS;Si;45,74;4;3;2;1
7;20121;M;3;TULUÁ;26;-;NO DESERTOR;NO;0;DOS SALARIOS MÍNIMOS O MENOS;Si;53,45;0;5;4;1
7;20121;F;11;GUADALAJARA DE BUGA;29;-;NO DESERTOR;NO;0;NO DEFINIDO;Si;51,92;0;1;0;1
7;20121;M;5;TULUÁ;28;-;NO DESERTOR;NO;0;DOS SALARIOS MÍNIMOS O MENOS;NO;48,64;0;5;4;1
7;20121;F;4;TULUÁ;28;-;NO DESERTOR;NO;2;DOS SALARIOS MÍNIMOS O MENOS;NO;42,36;0;7;6;1
7;20121;F;8;TULUÁ;33;-;NO DESERTOR;NO;0;NO DEFINIDO;NO;50,95;0;2;1;1
7;20121;F;6;TULUÁ;27;-;NO DESERTOR;NO;0;DOS SALARIOS MÍNIMOS O MENOS;Si;46,68;1;6;5;1
7;20121;F;5;TULUÁ;29;-;NO DESERTOR;NO;0;MAS DE 4 Y MENOS DE 6 SALARIOS MINIMOS;Si;57,15;0;6;5;1
7;20121;F;3;TULUÁ;27;-;NO DESERTOR;NO;1;MAS DE 2 Y MENOS DE 4 SALARIOS MINIMOS;NO;44,77;1;6;5;1
7;20121;F;5;TULUÁ;26;-;NO DESERTOR;NO;0;MAS DE 2 Y MENOS DE 4 SALARIOS MINIMOS;Si;45,84;0;6;5;1
7;20121;F;6;TULUÁ;29;-;NO DESERTOR;NO;0;MAS DE 2 Y MENOS DE 4 SALARIOS MINIMOS;Si;41,88;1;6;5;1
7;20121;F;4;GUADALAJARA DE BUGA;26;-;NO DESERTOR;NO;0;MAS DE 2 Y MENOS DE 4 SALARIOS MINIMOS;Si;53,73;0;5;4;1
7;20121;F;5;TULUÁ;25;-;NO DESERTOR;NO;0;DOS SALARIOS MÍNIMOS O MENOS;Si;52,64;0;4;3;1
7;20051;F;11;GUADALAJARA DE BUGA;36;INACTIVIDAD ACADEMICA;DESERTOR;NO;0;NO DEFINIDO;NO;50,95;0;1;0;1
7;20121;F;7;TULUÁ;27;-;NO DESERTOR;NO;0;MAS DE 4 Y MENOS DE 6 SALARIOS MINIMOS;Si;53,32;0;8;7;1
7;20121;F;4;ANDALUCÍA;23;INACTIVIDAD ACADEMICA;DESERTOR;NO;0;DOS SALARIOS MÍNIMOS O MENOS;NO;50,48;1;5;5;0
7;20121;F;5;TRUJILLO;25;-;NO DESERTOR;NO;0;DOS SALARIOS MÍNIMOS O MENOS;Si;51,24;0;7;6;1
7;20121;F;3;BUENAVENTURA;24;-;NO DESERTOR;NO;2;MAS DE 2 Y MENOS DE 4 SALARIOS MINIMOS;Si;56,97;0;7;6;1
7;20121;F;3;TULUÁ;32;-;NO DESERTOR;NO;0;NO DEFINIDO;Si;50,95;2;3;2;1
7;20121;M;4;TULUÁ;27;-;NO DESERTOR;NO;0;DOS SALARIOS MÍNIMOS O MENOS;NO;50,95;1;5;4;1
7;20121;M;6;TULUÁ;31;-;NO DESERTOR;NO;3;DOS SALARIOS MÍNIMOS O MENOS;Si;50,77;0;8;7;1
7;20121;M;8;TULUÁ;34;-;NO DESERTOR;NO;0;MAS DE 4 Y MENOS DE 6 SALARIOS MINIMOS;Si;47,51;0;2;1;1
7;20121;M;4;NEIVA;24;-;NO DESERTOR;NO;0;MAS DE 2 Y MENOS DE 4 SALARIOS MINIMOS;NO;57,09;0;3;2;1
7;20121;M;8;TULUÁ;30;-;NO DESERTOR;NO;0;MAS DE 4 Y MENOS DE 6 SALARIOS MINIMOS;Si;46,22;0;2;1;1
7;20121;M;7;TULUÁ;29;-;NO DESERTOR;NO;0;MAS DE 2 Y MENOS DE 4 SALARIOS MINIMOS;Si;39,92;3;2;1;1
7;20121;M;6;TULUÁ;26;-;NO DESERTOR;NO;0;MAS DE 2 Y MENOS DE 4 SALARIOS MINIMOS;Si;54,72;0;5;3;2
7;20121;F;3;TULUÁ;27;INACTIVIDAD ACADEMICA;DESERTOR;NO;0;DOS SALARIOS MÍNIMOS O MENOS;NO;47,28;1;2;1;1
7;20121;F;1;TULUÁ;23;-;NO DESERTOR;NO;0;DOS SALARIOS MÍNIMOS O MENOS;NO;56,58;0;8;8;0
7;20121;F;10;GUADALAJARA DE BUGA;27;-;NO DESERTOR;NO;0;MAS DE 8 SALARIOS MINIMOS;NO;45,44;0;2;1;1
7;20121;F;3;ANDALUCÍA;23;-;NO DESERTOR;NO;2;NO DEFINIDO;NO;54,89;0;5;4;1
7;20121;M;1;TULUÁ;23;INACTIVIDAD ACADEMICA;DESERTOR;NO;0;MAS DE 6 Y MENOS DE 8 SALARIOS MINIMOS;NO;50,15;1;2;2;0
7;20121;M;5;GUADALAJARA DE BUGA;30;INACTIVIDAD ACADEMICA;DESERTOR;NO;0;NO DEFINIDO;NO;50,95;0;0;0;0
7;20121;F;8;BUENAVENTURA;26;-;NO DESERTOR;NO;0;NO DEFINIDO;NO;49,48;2;2;1;1
7;20121;F;2;TULUÁ;24;-;NO DESERTOR;NO;0;MAS DE 2 Y MENOS DE 4 SALARIOS MINIMOS;NO;45,12;1;5;4;1
7;20121;F;4;BUGALAGRANDE;25;-;NO DESERTOR;NO;0;DOS SALARIOS MÍNIMOS O MENOS;NO;44,56;1;7;5;2
7;20121;F;5;TULUÁ;26;-;NO DESERTOR;NO;0;MAS DE 4 Y MENOS DE 6 SALARIOS MINIMOS;Si;53,08;0;5;4;1
7;20121;F;1;TULUÁ;24;-;NO DESERTOR;NO;0;DOS SALARIOS MÍNIMOS O MENOS;NO;55,79;0;8;7;1
7;20121;F;1;TULUÁ;24;-;NO DESERTOR;NO;0;MAS DE 2 Y MENOS DE 4 SALARIOS MINIMOS;NO;51,18;0;8;7;1
7;20121;F;8;TULUÁ;29;-;NO DESERTOR;NO;0;NO DEFINIDO;Si;49,66;2;2;1;1
7;20121;F;8;GUADALAJARA DE BUGA;31;-;NO DESERTOR;NO;0;MAS DE 4 Y MENOS DE 6 SALARIOS MINIMOS;Si;50,95;1;5;4;1
7;20121;F;7;TULUÁ;28;-;NO DESERTOR;NO;2;MAS DE 2 Y MENOS DE 4 SALARIOS MINIMOS;Si;47,72;0;7;6;1
7;20121;F;3;TULUÁ;27;-;NO DESERTOR;NO;0;MAS DE 2 Y MENOS DE 4 SALARIOS MINIMOS;NO;38,96;1;4;3;1
7;20121;F;5;TULUÁ;26;-;NO DESERTOR;NO;0;MAS DE 2 Y MENOS DE 4 SALARIOS MINIMOS;Si;59,4;0;5;4;1
7;20121;F;4;GUADALAJARA DE BUGA;26;-;NO DESERTOR;NO;0;MAS DE 6 Y MENOS DE 8 SALARIOS MINIMOS;Si;53,01;0;9;8;1
7;20121;F;5;TULUÁ;26;-;NO DESERTOR;NO;0;DOS SALARIOS MÍNIMOS O MENOS;Si;55,76;0;7;6;1
7;20121;F;8;TULUÁ;27;-;NO DESERTOR;NO;0;MAS DE 2 Y MENOS DE 4 SALARIOS MINIMOS;NO;37,6;2;3;1;2
7;20121;F;5;TULUÁ;28;-;NO DESERTOR;NO;0;DOS SALARIOS MÍNIMOS O MENOS;NO;37,8;0;7;6;1
7;20121;F;3;TULUÁ;27;-;NO DESERTOR;NO;0;MAS DE 2 Y MENOS DE 4 SALARIOS MINIMOS;NO;43,32;1;3;2;1
7;20121;F;2;TULUÁ;23;-;NO DESERTOR;NO;0;MAS DE 4 Y MENOS DE 6 SALARIOS MINIMOS;NO;59,16;1;6;5;1
7;20121;F;6;GUADALAJARA DE BUGA;27;-;NO DESERTOR;NO;0;DOS SALARIOS MÍNIMOS O MENOS;NO;54,8;0;7;6;1
7;20121;F;3;TULUÁ;25;-;NO DESERTOR;NO;0;DOS SALARIOS MÍNIMOS O MENOS;NO;62,51;1;2;1;1
7;20121;F;6;ANDALUCÍA;26;-;NO DESERTOR;NO;0;DOS SALARIOS MÍNIMOS O MENOS;NO;37,4;1;8;8;0
7;20121;M;5;RIOFRÍO;33;-;NO DESERTOR;SI;0;MAS DE 2 Y MENOS DE 4 SALARIOS MINIMOS;NO;47,76;1;6;5;1
7;20121;F;2;TULUÁ;25;-;NO DESERTOR;NO;2;DOS SALARIOS MÍNIMOS O MENOS;NO;61,8;1;6;6;0
7;20121;F;1;TULUÁ;23;-;NO DESERTOR;NO;0;DOS SALARIOS MÍNIMOS O MENOS;NO;44,75;0;5;4;1
7;20121;M;7;GUADALAJARA DE BUGA;28;-;NO DESERTOR;NO;0;DOS SALARIOS MÍNIMOS O MENOS;Si;41,49;1;2;1;1
7;20121;M;1;ANDALUCÍA;26;-;NO DESERTOR;NO;1;DOS SALARIOS MÍNIMOS O MENOS;NO;50,83;3;6;6;0
7;20121;M;7;TULUÁ;27;-;NO DESERTOR;NO;1;DOS SALARIOS MÍNIMOS O MENOS;Si;58,88;0;6;5;1
7;20121;M;6;TULUÁ;26;-;NO DESERTOR;NO;0;MAS DE 2 Y MENOS DE 4 SALARIOS MINIMOS;Si;40,32;0;5;4;1
7;20121;F;5;TULUÁ;29;-;NO DESERTOR;NO;0;NO DEFINIDO;Si;40;3;2;1;1
7;20121;F;10;TULUÁ;29;-;NO DESERTOR;NO;0;NO DEFINIDO;NO;52,32;0;4;3;1
7;20121;F;3;BUGALAGRANDE;25;-;NO DESERTOR;NO;0;DOS SALARIOS MÍNIMOS O MENOS;NO;51,09;0;5;4;1
7;20121;F;5;GUADALAJARA DE BUGA;25;-;NO DESERTOR;NO;0;DOS SALARIOS MÍNIMOS O MENOS;NO;43,04;0;5;5;0
7;20121;F;9;PALMIRA;27;-;NO DESERTOR;NO;0;MAS DE 4 Y MENOS DE 6 SALARIOS MINIMOS;Si;50,95;1;3;2;1
7;20121;F;8;ANDALUCÍA;31;-;NO DESERTOR;NO;0;DOS SALARIOS MÍNIMOS O MENOS;NO;41,76;0;2;1;1
7;20121;M;6;TULUÁ;36;-;NO DESERTOR;NO;0;NO DEFINIDO;Si;46,88;0;2;1;1
7;20121;M;1;TULUÁ;23;-;NO DESERTOR;NO;0;MAS DE 2 Y MENOS DE 4 SALARIOS MINIMOS;NO;61,42;1;6;5;1
7;20121;M;1;TRUJILLO;23;-;NO DESERTOR;NO;0;MAS DE 2 Y MENOS DE 4 SALARIOS MINIMOS;NO;54,77;1;6;5;1
7;20121;F;10;ANDALUCÍA;29;-;NO DESERTOR;NO;0;NO DEFINIDO;NO;46,72;0;2;1;1
7;20121;F;7;FUNES;27;-;NO DESERTOR;NO;0;MAS DE 2 Y MENOS DE 4 SALARIOS MINIMOS;Si;56;0;6;5;1
7;20121;F;4;GUADALAJARA DE BUGA;25;-;NO DESERTOR;NO;0;DOS SALARIOS MÍNIMOS O MENOS;NO;48,97;0;9;8;1
7;20121;F;1;TULUÁ;23;-;NO DESERTOR;NO;0;DOS SALARIOS MÍNIMOS O MENOS;NO;48,31;0;6;5;1
7;20051;M;9;RIOFRÍO;42;-;NO DESERTOR;NO;0;NO DEFINIDO;NO;50,95;1;2;1;1
7;20121;M;10;TULUÁ;31;-;NO DESERTOR;NO;0;MAS DE 2 Y MENOS DE 4 SALARIOS MINIMOS;Si;47,27;0;2;1;1
7;20121;M;5;BUGALAGRANDE;28;INACTIVIDAD ACADEMICA;DESERTOR;NO;0;MAS DE 2 Y MENOS DE 4 SALARIOS MINIMOS;NO;43,6;1;5;4;1
7;20121;M;7;BUENAVENTURA;29;-;NO DESERTOR;NO;0;NO DEFINIDO;Si;45,45;2;2;1;1
7;20121;M;7;TULUÁ;28;-;NO DESERTOR;NO;0;NO DEFINIDO;Si;56,83;1;2;1;1
7;20121;M;8;TULUÁ;27;-;NO DESERTOR;NO;0;MAS DE 2 Y MENOS DE 4 SALARIOS MINIMOS;Si;54,8;0;3;1;2
7;20121;M;8;BUENAVENTURA;26;-;NO DESERTOR;NO;0;DOS SALARIOS MÍNIMOS O MENOS;Si;43;1;2;1;1
7;20121;M;8;BUENAVENTURA;27;-;NO DESERTOR;NO;0;MAS DE 2 Y MENOS DE 4 SALARIOS MINIMOS;NO;46,2;0;2;1;1
7;20121;F;6;TULUÁ;28;-;NO DESERTOR;NO;2;NO DEFINIDO;Si;51,13;0;3;2;1
7;20121;M;7;TULUÁ;27;-;NO DESERTOR;NO;0;DOS SALARIOS MÍNIMOS O MENOS;NO;46,28;0;6;5;1
7;20121;M;3;GUADALAJARA DE BUGA;24;-;NO DESERTOR;NO;0;MAS DE 6 Y MENOS DE 8 SALARIOS MINIMOS;NO;55,22;0;5;4;1
7;20121;M;3;TULUÁ;25;-;NO DESERTOR;NO;0;MAS DE 2 Y MENOS DE 4 SALARIOS MINIMOS;NO;68,13;0;3;2;1
7;20121;M;5;TRUJILLO;27;-;NO DESERTOR;NO;0;DOS SALARIOS MÍNIMOS O MENOS;NO;51,68;0;5;4;1
7;20121;M;1;TULUÁ;25;INACTIVIDAD ACADEMICA;DESERTOR;NO;0;MAS DE 2 Y MENOS DE 4 SALARIOS MINIMOS;NO;48,21;3;3;3;0
7;20121;M;5;TULUÁ;28;-;NO DESERTOR;NO;0;MAS DE 2 Y MENOS DE 4 SALARIOS MINIMOS;NO;40;0;4;3;1
7;20121;M;5;TULUÁ;27;-;NO DESERTOR;NO;1;DOS SALARIOS MÍNIMOS O MENOS;Si;57,72;0;8;7;1
7;20121;F;1;TULUÁ;24;-;NO DESERTOR;SI;2;MAS DE 2 Y MENOS DE 4 SALARIOS MINIMOS;NO;54,97;0;6;5;1
7;20121;F;5;BUGALAGRANDE;25;-;NO DESERTOR;NO;1;MAS DE 2 Y MENOS DE 4 SALARIOS MINIMOS;Si;49,84;0;5;4;1
7;20121;M;10;TULUÁ;28;-;NO DESERTOR;NO;2;MAS DE 2 Y MENOS DE 4 SALARIOS MINIMOS;NO;61,4;0;2;1;1
7;20121;M;1;TULUÁ;23;-;NO DESERTOR;NO;0;DOS SALARIOS MÍNIMOS O MENOS;NO;49,38;1;6;5;1
7;20121;M;1;GINEBRA;23;-;NO DESERTOR;NO;0;DOS SALARIOS MÍNIMOS O MENOS;NO;59,83;0;6;5;1
7;20121;M;8;TULUÁ;28;-;NO DESERTOR;SI;1;MAS DE 2 Y MENOS DE 4 SALARIOS MINIMOS;NO;47,28;1;2;1;1
7;20121;M;2;TULUÁ;25;-;NO DESERTOR;NO;0;MAS DE 4 Y MENOS DE 6 SALARIOS MINIMOS;NO;51,79;1;3;3;0
7;20121;M;1;LA DORADA;27;-;NO DESERTOR;NO;0;DOS SALARIOS MÍNIMOS O MENOS;NO;53,18;0;8;6;2
7;20121;M;7;TULUÁ;26;-;NO DESERTOR;NO;0;MAS DE 2 Y MENOS DE 4 SALARIOS MINIMOS;Si;49,68;1;6;5;1
7;20121;M;2;ANDALUCÍA;24;-;NO DESERTOR;NO;2;MAS DE 8 SALARIOS MINIMOS;NO;49,08;1;8;7;1
7;20121;M;2;CALI;24;-;NO DESERTOR;NO;0;MAS DE 4 Y MENOS DE 6 SALARIOS MINIMOS;NO;52,27;0;7;6;1
7;20121;F;7;BUENAVENTURA;26;-;NO DESERTOR;SI;3;DOS SALARIOS MÍNIMOS O MENOS;Si;45,96;2;5;4;1
7;20121;F;6;BUENAVENTURA;25;-;NO DESERTOR;NO;0;DOS SALARIOS MÍNIMOS O MENOS;NO;40,56;1;8;7;1
7;20121;F;2;TRUJILLO;30;-;NO DESERTOR;NO;3;MAS DE 4 Y MENOS DE 6 SALARIOS MINIMOS;NO;48,45;1;4;3;1
7;20121;F;2;TULUÁ;25;-;NO DESERTOR;NO;0;DOS SALARIOS MÍNIMOS O MENOS;NO;53,98;0;8;7;1
7;20121;F;1;ANDALUCÍA;22;INACTIVIDAD ACADEMICA;DESERTOR;NO;0;DOS SALARIOS MÍNIMOS O MENOS;NO;38,01;1;6;5;1
7;20121;M;3;TULUÁ;26;-;NO DESERTOR;NO;0;MAS DE 6 Y MENOS DE 8 SALARIOS MINIMOS;NO;46,06;0;3;2;1
7;20121;F;9;ANDALUCÍA;27;-;NO DESERTOR;NO;0;DOS SALARIOS MÍNIMOS O MENOS;NO;43,12;1;2;1;1
7;20121;F;5;TULUÁ;26;-;NO DESERTOR;NO;0;MAS DE 2 Y MENOS DE 4 SALARIOS MINIMOS;NO;52,16;0;8;7;1
7;20121;F;3;BUGALAGRANDE;24;-;NO DESERTOR;NO;0;MAS DE 2 Y MENOS DE 4 SALARIOS MINIMOS;NO;56,3;0;4;3;1
7;20121;F;3;ZARZAL;24;-;NO DESERTOR;NO;2;DOS SALARIOS MÍNIMOS O MENOS;NO;47,5;0;3;3;0
7;20121;F;2;SAN PEDRO;25;-;NO DESERTOR;NO;0;DOS SALARIOS MÍNIMOS O MENOS;NO;45,05;1;5;4;1
7;20121;F;2;TULUÁ;25;-;NO DESERTOR;NO;2;MAS DE 4 Y MENOS DE 6 SALARIOS MINIMOS;NO;50,95;0;7;4;3
7;20121;F;1;TULUÁ;25;-;NO DESERTOR;NO;0;MAS DE 2 Y MENOS DE 4 SALARIOS MINIMOS;NO;48,93;0;4;3;1
7;20121;F;4;ANDALUCÍA;24;-;NO DESERTOR;NO;0;DOS SALARIOS MÍNIMOS O MENOS;NO;54,67;0;10;9;1
7;20121;F;1;TULUÁ;23;-;NO DESERTOR;SI;2;MAS DE 2 Y MENOS DE 4 SALARIOS MINIMOS;NO;40,08;1;5;5;0
7;20121;F;2;ANDALUCÍA;25;-;NO DESERTOR;NO;0;DOS SALARIOS MÍNIMOS O MENOS;NO;43,04;1;6;5;1
7;20121;M;3;TULUÁ;25;-;NO DESERTOR;NO;0;DOS SALARIOS MÍNIMOS O MENOS;NO;46,76;1;5;4;1
7;20121;M;8;BUENAVENTURA;31;-;NO DESERTOR;NO;5;NO DEFINIDO;NO;38,05;2;2;1;1
7;20121;M;3;BUGALAGRANDE;26;INACTIVIDAD ACADEMICA;DESERTOR;NO;5;MAS DE 4 Y MENOS DE 6 SALARIOS MINIMOS;NO;44,33;1;3;3;0
7;20121;M;4;TULUÁ;27;-;NO DESERTOR;SI;0;MAS DE 2 Y MENOS DE 4 SALARIOS MINIMOS;NO;42,56;1;6;5;1
7;20121;F;1;TULUÁ;24;-;NO DESERTOR;NO;0;DOS SALARIOS MÍNIMOS O MENOS;NO;49,68;1;6;5;1
7;20121;F;7;TULUÁ;27;-;NO DESERTOR;NO;0;DOS SALARIOS MÍNIMOS O MENOS;Si;44,36;0;6;5;1
7;20121;M;1;VALPARAÍSO;23;INACTIVIDAD ACADEMICA;DESERTOR;NO;0;DOS SALARIOS MÍNIMOS O MENOS;NO;52,06;0;7;7;0
7;20121;M;8;GUADALAJARA DE BUGA;31;-;NO DESERTOR;NO;1;MAS DE 2 Y MENOS DE 4 SALARIOS MINIMOS;NO;43,03;0;2;1;1
7;20121;M;6;TULUÁ;26;-;NO DESERTOR;NO;0;MAS DE 2 Y MENOS DE 4 SALARIOS MINIMOS;Si;49,68;0;7;6;1
7;20121;F;3;TULUÁ;26;-;NO DESERTOR;NO;2;DOS SALARIOS MÍNIMOS O MENOS;NO;44,32;1;8;7;1
7;20121;M;5;TULUÁ;27;-;NO DESERTOR;NO;2;DOS SALARIOS MÍNIMOS O MENOS;NO;47,2;0;4;3;1
7;20121;F;8;ANDALUCÍA;31;-;NO DESERTOR;NO;0;DOS SALARIOS MÍNIMOS O MENOS;Si;50,68;0;2;1;1
7;20051;M;9;GUADALAJARA DE BUGA;30;-;NO DESERTOR;NO;1;NO DEFINIDO;NO;49,17;2;2;1;1
7;20121;F;8;GUADALAJARA DE BUGA;27;-;NO DESERTOR;NO;0;MAS DE 4 Y MENOS DE 6 SALARIOS MINIMOS;Si;44,64;0;4;3;1
6;20121;F;9;TRUJILLO;29;-;NO DESERTOR;NO;0;NO DEFINIDO;NO;41,77;0;3;1;2
6;20091;M;11;TULUÁ;31;-;NO DESERTOR;NO;0;NO DEFINIDO;Si;50,95;0;2;0;2
6;20121;M;7;BARRAGAN;27;-;NO DESERTOR;NO;2;DOS SALARIOS MÍNIMOS O MENOS;NO;42,44;0;2;1;1
6;20121;M;2;TULUÁ;40;-;NO DESERTOR;SI;1;MAS DE 2 Y MENOS DE 4 SALARIOS MINIMOS;NO;56,52;1;7;6;1
6;20121;F;6;TULUÁ;27;-;NO DESERTOR;NO;0;MAS DE 2 Y MENOS DE 4 SALARIOS MINIMOS;NO;52,6;0;5;4;1
6;20121;F;4;TULUÁ;26;-;NO DESERTOR;NO;0;MAS DE 2 Y MENOS DE 4 SALARIOS MINIMOS;NO;60,32;0;7;6;1
6;20121;M;6;ANDALUCÍA;27;-;NO DESERTOR;NO;0;DOS SALARIOS MÍNIMOS O MENOS;NO;47,72;0;6;5;1
6;20121;M;2;TULUÁ;26;-;NO DESERTOR;NO;0;DOS SALARIOS MÍNIMOS O MENOS;NO;59,41;1;5;4;1
6;20121;F;3;TULUÁ;25;-;NO DESERTOR;NO;0;MAS DE 2 Y MENOS DE 4 SALARIOS MINIMOS;NO;50,4;1;6;5;1
6;20121;M;6;TULUÁ;27;-;NO DESERTOR;NO;0;MAS DE 4 Y MENOS DE 6 SALARIOS MINIMOS;Si;44,76;1;2;1;1
6;20121;M;5;TULUÁ;28;-;NO DESERTOR;NO;0;MAS DE 8 SALARIOS MINIMOS;Si;43,72;0;7;6;1
6;20121;F;8;TULUÁ;27;-;NO DESERTOR;NO;0;DOS SALARIOS MÍNIMOS O MENOS;Si;48,44;0;4;3;1
6;20121;F;1;TULUÁ;24;-;NO DESERTOR;NO;0;MAS DE 2 Y MENOS DE 4 SALARIOS MINIMOS;NO;52,66;0;6;5;1
6;20091;M;9;GUADALAJARA DE BUGA;30;-;NO DESERTOR;NO;0;NO DEFINIDO;NO;50,95;2;2;1;1
6;20121;F;8;SAN PEDRO;26;-;NO DESERTOR;NO;0;MAS DE 2 Y MENOS DE 4 SALARIOS MINIMOS;NO;47,08;0;2;1;1
6;20121;F;4;TULUÁ;26;-;NO DESERTOR;NO;2;DOS SALARIOS MÍNIMOS O MENOS;NO;54,32;0;7;6;1
6;20121;F;3;TULUÁ;28;-;NO DESERTOR;NO;0;DOS SALARIOS MÍNIMOS O MENOS;NO;44,12;0;7;6;1
6;20051;M;11;TULUÁ;34;-;NO DESERTOR;NO;0;NO DEFINIDO;NO;50,95;0;0;0;0
6;20121;M;4;GUADALAJARA DE BUGA;30;-;NO DESERTOR;NO;0;MAS DE 2 Y MENOS DE 4 SALARIOS MINIMOS;NO;46,07;1;7;6;1
6;20121;M;1;TULUÁ;25;-;NO DESERTOR;NO;0;MAS DE 6 Y MENOS DE 8 SALARIOS MINIMOS;Si;52,9;0;7;6;1
6;20091;M;9;TULUÁ;31;-;NO DESERTOR;NO;0;NO DEFINIDO;Si;50,95;0;1;0;1
6;20121;M;1;ANDALUCÍA;26;INACTIVIDAD ACADEMICA;DESERTOR;NO;1;DOS SALARIOS MÍNIMOS O MENOS;NO;48,15;1;5;5;0
6;20121;M;5;TULUÁ;28;-;NO DESERTOR;NO;0;NO DEFINIDO;Si;39,88;0;3;2;1
6;20121;M;4;SAN PEDRO;30;-;NO DESERTOR;NO;2;MAS DE 2 Y MENOS DE 4 SALARIOS MINIMOS;NO;48,14;0;3;2;1
6;20121;M;5;TULUÁ;28;-;NO DESERTOR;NO;0;MAS DE 4 Y MENOS DE 6 SALARIOS MINIMOS;Si;48,44;1;5;4;1
6;20121;F;2;TULUÁ;31;-;NO DESERTOR;NO;0;MAS DE 2 Y MENOS DE 4 SALARIOS MINIMOS;NO;49,87;1;4;4;0
6;20121;F;3;ANSERMA;26;-;NO DESERTOR;NO;0;MAS DE 2 Y MENOS DE 4 SALARIOS MINIMOS;NO;47,44;0;2;1;1
6;20121;F;3;TULUÁ;25;-;NO DESERTOR;NO;0;MAS DE 2 Y MENOS DE 4 SALARIOS MINIMOS;Si;55,08;0;6;5;1
6;20121;F;2;TULUÁ;27;-;NO DESERTOR;NO;0;MAS DE 2 Y MENOS DE 4 SALARIOS MINIMOS;NO;50,78;0;7;6;1
6;20121;F;5;TULUÁ;26;-;NO DESERTOR;NO;0;MAS DE 4 Y MENOS DE 6 SALARIOS MINIMOS;Si;48,4;0;4;3;1
6;20121;F;3;TULUÁ;27;-;NO DESERTOR;NO;0;MAS DE 2 Y MENOS DE 4 SALARIOS MINIMOS;Si;61,2;0;8;7;1
6;20121;M;5;TULUÁ;30;INACTIVIDAD ACADEMICA;DESERTOR;NO;0;NO DEFINIDO;NO;43,21;1;3;1;2
6;20121;F;2;TULUÁ;27;-;NO DESERTOR;SI;1;MAS DE 2 Y MENOS DE 4 SALARIOS MINIMOS;NO;54,43;0;5;4;1
6;20121;M;2;TULUÁ;25;-;NO DESERTOR;NO;0;MAS DE 2 Y MENOS DE 4 SALARIOS MINIMOS;Si;61,96;0;5;4;1
6;20121;M;10;TULUÁ;28;-;NO DESERTOR;NO;1;NO DEFINIDO;Si;50,95;0;1;0;1
6;20121;M;6;TULUÁ;26;-;NO DESERTOR;NO;0;MAS DE 4 Y MENOS DE 6 SALARIOS MINIMOS;Si;54,6;0;7;6;1
6;20121;F;1;TULUÁ;24;-;NO DESERTOR;NO;1;MAS DE 2 Y MENOS DE 4 SALARIOS MINIMOS;NO;56,76;0;5;5;0
6;20121;M;5;TULUÁ;30;-;NO DESERTOR;NO;0;DOS SALARIOS MÍNIMOS O MENOS;NO;44,44;1;2;1;1
6;20121;M;6;GUADALAJARA DE BUGA;27;-;NO DESERTOR;NO;0;MAS DE 2 Y MENOS DE 4 SALARIOS MINIMOS;Si;46,48;1;2;1;1
6;20121;M;4;TULUÁ;37;-;NO DESERTOR;SI;0;DOS SALARIOS MÍNIMOS O MENOS;NO;42,48;0;7;6;1
6;20121;M;1;TULUÁ;25;-;NO DESERTOR;NO;3;MAS DE 6 Y MENOS DE 8 SALARIOS MINIMOS;NO;48,86;0;4;3;1
6;20091;M;9;SEVILLA;34;-;NO DESERTOR;NO;0;NO DEFINIDO;Si;50,95;0;2;1;1
6;20121;M;9;TULUÁ;30;-;NO DESERTOR;NO;0;MAS DE 2 Y MENOS DE 4 SALARIOS MINIMOS;Si;53,94;1;5;4;1
6;20121;M;4;TRUJILLO;26;-;NO DESERTOR;NO;0;MAS DE 2 Y MENOS DE 4 SALARIOS MINIMOS;Si;56,24;0;7;6;1
6;20121;M;5;BUGALAGRANDE;28;-;NO DESERTOR;NO;0;DOS SALARIOS MÍNIMOS O MENOS;NO;46;3;2;1;1
6;20121;M;2;TULUÁ;26;-;NO DESERTOR;NO;0;MAS DE 6 Y MENOS DE 8 SALARIOS MINIMOS;NO;50,32;0;8;7;1
6;20121;M;3;TULUÁ;28;-;NO DESERTOR;NO;0;DOS SALARIOS MÍNIMOS O MENOS;Si;49,26;0;9;8;1
6;20051;F;4;ANDALUCÍA;34;-;NO DESERTOR;NO;0;NO DEFINIDO;NO;50,95;0;1;0;1
6;20121;F;8;SEVILLA;28;-;NO DESERTOR;NO;0;NO DEFINIDO;NO;41,24;1;2;1;1
6;20121;F;6;ANDALUCÍA;25;-;NO DESERTOR;NO;0;MAS DE 2 Y MENOS DE 4 SALARIOS MINIMOS;NO;51,76;0;5;4;1
6;20121;F;5;TULUÁ;32;-;NO DESERTOR;NO;0;MAS DE 2 Y MENOS DE 4 SALARIOS MINIMOS;NO;42,17;1;5;4;1
6;20121;F;3;GUADALAJARA DE BUGA;31;-;NO DESERTOR;NO;1;DOS SALARIOS MÍNIMOS O MENOS;NO;50,09;1;7;6;1
6;20091;M;11;TULUÁ;32;-;NO DESERTOR;NO;0;NO DEFINIDO;Si;50,95;0;1;0;1
6;20121;M;2;ANDALUCÍA;28;-;NO DESERTOR;NO;0;MAS DE 4 Y MENOS DE 6 SALARIOS MINIMOS;NO;49,22;0;3;2;1
6;20121;M;2;TULUÁ;26;INACTIVIDAD ACADEMICA;DESERTOR;NO;0;DOS SALARIOS MÍNIMOS O MENOS;NO;49,07;0;7;6;1
6;20121;F;2;BUGALAGRANDE;24;-;NO DESERTOR;NO;0;MAS DE 2 Y MENOS DE 4 SALARIOS MINIMOS;NO;68,93;0;3;2;1
6;20121;M;6;TULUÁ;26;-;NO DESERTOR;NO;0;MAS DE 2 Y MENOS DE 4 SALARIOS MINIMOS;Si;42,12;0;7;5;2
6;20121;M;8;BUGALAGRANDE;29;-;NO DESERTOR;NO;0;NO DEFINIDO;Si;50,83;0;2;1;1
6;20121;M;5;TULUÁ;26;-;NO DESERTOR;NO;0;DOS SALARIOS MÍNIMOS O MENOS;Si;54,56;0;7;6;1
6;20121;M;2;BUENAVENTURA;25;-;NO DESERTOR;NO;0;MAS DE 2 Y MENOS DE 4 SALARIOS MINIMOS;NO;46,95;1;5;4;1
6;20121;M;5;TULUÁ;30;-;NO DESERTOR;NO;0;MAS DE 4 Y MENOS DE 6 SALARIOS MINIMOS;Si;46,51;1;5;4;1
6;20121;M;1;TULUÁ;26;-;NO DESERTOR;NO;0;MAS DE 6 Y MENOS DE 8 SALARIOS MINIMOS;NO;47,24;0;5;5;0
6;20121;M;3;TULUÁ;27;INACTIVIDAD ACADEMICA;DESERTOR;NO;0;MAS DE 4 Y MENOS DE 6 SALARIOS MINIMOS;NO;53,55;1;6;6;0
6;20121;F;9;TULUÁ;28;-;NO DESERTOR;NO;0;DOS SALARIOS MÍNIMOS O MENOS;NO;50,32;0;5;3;2
6;20121;F;5;TULUÁ;26;-;NO DESERTOR;NO;0;DOS SALARIOS MÍNIMOS O MENOS;NO;48,64;1;6;5;1
6;20121;F;4;TULUÁ;25;-;NO DESERTOR;NO;1;DOS SALARIOS MÍNIMOS O MENOS;NO;57,92;0;8;7;1
6;20121;F;2;TULUÁ;27;-;NO DESERTOR;NO;0;MAS DE 6 Y MENOS DE 8 SALARIOS MINIMOS;NO;40,71;1;3;3;0
6;20121;F;2;TULUÁ;28;-;NO DESERTOR;NO;1;MAS DE 4 Y MENOS DE 6 SALARIOS MINIMOS;NO;46,16;0;7;6;1
6;20121;F;2;TULUÁ;28;-;NO DESERTOR;NO;0;DOS SALARIOS MÍNIMOS O MENOS;NO;43,81;1;5;4;1
6;20121;M;4;BUGALAGRANDE;27;-;NO DESERTOR;NO;0;DOS SALARIOS MÍNIMOS O MENOS;Si;50;1;6;5;1
6;20121;F;4;TULUÁ;25;-;NO DESERTOR;NO;0;MAS DE 2 Y MENOS DE 4 SALARIOS MINIMOS;Si;59,12;0;5;4;1
6;20121;M;8;CALI;27;-;NO DESERTOR;NO;2;MAS DE 2 Y MENOS DE 4 SALARIOS MINIMOS;Si;50,95;0;0;0;0
6;20121;M;1;EL CERRITO;24;-;NO DESERTOR;NO;2;MAS DE 4 Y MENOS DE 6 SALARIOS MINIMOS;NO;61,24;1;6;5;1
6;20121;F;9;TULUÁ;33;-;NO DESERTOR;NO;0;DOS SALARIOS MÍNIMOS O MENOS;Si;50,1;1;2;1;1
6;20121;M;2;TULUÁ;25;-;NO DESERTOR;NO;1;MAS DE 2 Y MENOS DE 4 SALARIOS MINIMOS;NO;33,39;0;6;5;1
6;20121;M;2;TULUÁ;26;-;NO DESERTOR;NO;0;MAS DE 2 Y MENOS DE 4 SALARIOS MINIMOS;NO;32,82;1;3;3;0
6;20121;M;1;TULUÁ;24;-;NO DESERTOR;NO;1;DOS SALARIOS MÍNIMOS O MENOS;NO;51,17;0;4;3;1
6;20121;M;4;TULUÁ;27;-;NO DESERTOR;NO;0;MAS DE 4 Y MENOS DE 6 SALARIOS MINIMOS;Si;54,16;0;7;6;1
6;20121;M;8;GUADALAJARA DE BUGA;27;-;NO DESERTOR;NO;0;DOS SALARIOS MÍNIMOS O MENOS;Si;47,56;1;2;1;1
6;20121;M;4;TULUÁ;26;-;NO DESERTOR;NO;1;MAS DE 4 Y MENOS DE 6 SALARIOS MINIMOS;NO;55,8;1;5;4;1
6;20121;M;7;TULUÁ;31;-;NO DESERTOR;NO;2;DOS SALARIOS MÍNIMOS O MENOS;Si;50,95;0;3;2;1
6;20121;M;7;GUADALAJARA DE BUGA;28;-;NO DESERTOR;NO;0;DOS SALARIOS MÍNIMOS O MENOS;Si;46,16;0;2;1;1
6;20091;M;11;TULUÁ;30;-;NO DESERTOR;NO;0;NO DEFINIDO;Si;50,95;1;2;1;1
6;20121;F;7;TULUÁ;31;-;NO DESERTOR;NO;0;DOS SALARIOS MÍNIMOS O MENOS;Si;46,78;2;3;2;1
6;20121;F;8;TULUÁ;28;-;NO DESERTOR;NO;2;DOS SALARIOS MÍNIMOS O MENOS;Si;51,72;0;2;1;1
6;20121;F;1;BUGALAGRANDE;26;-;NO DESERTOR;NO;0;DOS SALARIOS MÍNIMOS O MENOS;Si;51,44;1;6;5;1
6;20121;F;4;TRUJILLO;28;-;NO DESERTOR;NO;0;DOS SALARIOS MÍNIMOS O MENOS;Si;49,24;0;7;6;1
6;20121;F;8;YOTOCO;34;-;NO DESERTOR;SI;1;DOS SALARIOS MÍNIMOS O MENOS;NO;38,91;2;2;1;1
6;20121;F;4;TULUÁ;25;-;NO DESERTOR;NO;0;MAS DE 2 Y MENOS DE 4 SALARIOS MINIMOS;Si;60,28;0;4;3;1
6;20121;F;8;TULUÁ;28;-;NO DESERTOR;NO;0;DOS SALARIOS MÍNIMOS O MENOS;Si;48,68;0;4;2;2
6;20091;M;11;TULUÁ;30;-;NO DESERTOR;NO;0;NO DEFINIDO;Si;50,95;0;1;0;1
6;20121;F;1;TULUÁ;28;INACTIVIDAD ACADEMICA;DESERTOR;NO;0;MAS DE 2 Y MENOS DE 4 SALARIOS MINIMOS;NO;45,41;1;8;8;0
6;20121;M;5;LA UNIÓN;29;-;NO DESERTOR;NO;0;MAS DE 4 Y MENOS DE 6 SALARIOS MINIMOS;NO;39,92;1;2;1;1
6;20121;M;6;TULUÁ;30;-;NO DESERTOR;NO;0;MAS DE 4 Y MENOS DE 6 SALARIOS MINIMOS;NO;45,69;1;2;1;1
6;20121;M;5;TULUÁ;30;-;NO DESERTOR;NO;0;MAS DE 2 Y MENOS DE 4 SALARIOS MINIMOS;NO;47,54;3;2;1;1
6;20121;M;2;GUADALAJARA DE BUGA;25;-;NO DESERTOR;NO;2;DOS SALARIOS MÍNIMOS O MENOS;NO;48,4;1;5;4;1
6;20121;M;5;ANDALUCÍA;28;-;NO DESERTOR;NO;0;NO DEFINIDO;NO;52,6;1;2;1;1
6;20121;M;6;AIPE;31;-;NO DESERTOR;NO;0;DOS SALARIOS MÍNIMOS O MENOS;Si;49,26;0;2;1;1
6;20121;M;2;TULUÁ;25;-;NO DESERTOR;NO;2;MAS DE 2 Y MENOS DE 4 SALARIOS MINIMOS;NO;61,03;1;6;5;1
6;20121;M;6;BUENAVENTURA;30;-;NO DESERTOR;NO;0;DOS SALARIOS MÍNIMOS O MENOS;NO;50,95;2;2;1;1
6;20121;F;2;TULUÁ;24;-;NO DESERTOR;NO;0;MAS DE 6 Y MENOS DE 8 SALARIOS MINIMOS;NO;56,69;0;5;4;1
6;20121;M;5;TULUÁ;26;-;NO DESERTOR;NO;0;DOS SALARIOS MÍNIMOS O MENOS;NO;42,32;1;8;7;1
6;20121;M;4;TULUÁ;26;-;NO DESERTOR;NO;1;MAS DE 2 Y MENOS DE 4 SALARIOS MINIMOS;NO;50,84;0;6;5;1
6;20121;M;9;TULUÁ;28;-;NO DESERTOR;NO;0;NO DEFINIDO;Si;65,17;0;3;2;1
6;20091;M;11;TULUÁ;30;-;NO DESERTOR;NO;0;NO DEFINIDO;Si;50,95;0;1;0;1
6;20121;M;7;TULUÁ;30;-;NO DESERTOR;NO;0;MAS DE 2 Y MENOS DE 4 SALARIOS MINIMOS;NO;42,08;1;2;1;1
6;20121;M;3;TULUÁ;24;-;NO DESERTOR;NO;0;DOS SALARIOS MÍNIMOS O MENOS;NO;51,29;0;7;6;1
6;20091;M;9;TULUÁ;29;-;NO DESERTOR;NO;1;NO DEFINIDO;Si;50,95;0;1;0;1
6;20121;F;2;BUGALAGRANDE;26;-;NO DESERTOR;NO;0;MAS DE 2 Y MENOS DE 4 SALARIOS MINIMOS;NO;45,56;1;7;6;1
6;20121;F;9;YOTOCO;28;-;NO DESERTOR;NO;2;NO DEFINIDO;Si;50,95;2;2;1;1
6;20121;M;6;TULUÁ;38;-;NO DESERTOR;NO;0;MAS DE 2 Y MENOS DE 4 SALARIOS MINIMOS;NO;50,6;0;5;4;1
6;20121;F;7;TULUÁ;28;-;NO DESERTOR;NO;2;MAS DE 4 Y MENOS DE 6 SALARIOS MINIMOS;Si;43,2;0;2;1;1
6;20121;M;4;TULUÁ;28;-;NO DESERTOR;NO;0;NO DEFINIDO;NO;37,8;2;2;1;1
6;20121;M;4;TULUÁ;28;-;NO DESERTOR;NO;2;DOS SALARIOS MÍNIMOS O MENOS;NO;50,4;0;4;3;1
6;20121;M;1;GUADALAJARA DE BUGA;24;-;NO DESERTOR;NO;1;MAS DE 4 Y MENOS DE 6 SALARIOS MINIMOS;Si;60,39;0;6;5;1
6;20121;M;6;TULUÁ;28;-;NO DESERTOR;NO;0;DOS SALARIOS MÍNIMOS O MENOS;NO;56,8;1;6;5;1
6;20121;M;7;TULUÁ;28;-;NO DESERTOR;NO;1;NO DEFINIDO;Si;44,36;3;2;1;1
6;20121;M;4;TULUÁ;25;-;NO DESERTOR;NO;1;DOS SALARIOS MÍNIMOS O MENOS;Si;49,12;0;7;6;1
6;20121;M;1;ANDALUCÍA;28;-;NO DESERTOR;NO;0;DOS SALARIOS MÍNIMOS O MENOS;NO;54,73;0;5;4;1
6;20121;M;5;TULUÁ;31;-;NO DESERTOR;NO;2;DOS SALARIOS MÍNIMOS O MENOS;NO;43,84;2;2;1;1
6;20051;F;10;TULUÁ;33;-;NO DESERTOR;NO;0;NO DEFINIDO;NO;50,95;0;2;0;2
6;20121;F;2;TULUÁ;24;-;NO DESERTOR;NO;0;DOS SALARIOS MÍNIMOS O MENOS;NO;59,71;0;6;5;1
6;20121;F;1;RIOFRÍO;25;-;NO DESERTOR;NO;0;MAS DE 2 Y MENOS DE 4 SALARIOS MINIMOS;NO;41,75;0;5;4;1
6;20121;F;8;TULUÁ;29;-;NO DESERTOR;NO;0;MAS DE 2 Y MENOS DE 4 SALARIOS MINIMOS;NO;51,68;0;2;1;1
6;20121;F;4;BUGALAGRANDE;28;-;NO DESERTOR;NO;0;DOS SALARIOS MÍNIMOS O MENOS;NO;50,95;0;4;4;0
6;20121;M;8;TULUÁ;28;-;NO DESERTOR;NO;0;NO DEFINIDO;Si;50,95;0;1;0;1
6;20121;M;7;GUADALAJARA DE BUGA;29;-;NO DESERTOR;NO;1;DOS SALARIOS MÍNIMOS O MENOS;NO;66,44;0;2;1;1
6;20121;M;5;TULUÁ;31;-;NO DESERTOR;NO;0;MAS DE 2 Y MENOS DE 4 SALARIOS MINIMOS;Si;46,17;1;6;5;1
6;20121;M;7;BUENAVENTURA;29;-;NO DESERTOR;NO;0;DOS SALARIOS MÍNIMOS O MENOS;Si;46,44;0;2;1;1
6;20121;M;2;TULUÁ;25;-;NO DESERTOR;NO;0;MAS DE 2 Y MENOS DE 4 SALARIOS MINIMOS;NO;52,87;0;5;4;1
6;20121;F;4;TULUÁ;27;-;NO DESERTOR;SI;0;DOS SALARIOS MÍNIMOS O MENOS;NO;48,4;0;7;6;1
6;20121;F;5;ROLDANILLO;26;-;NO DESERTOR;NO;0;MAS DE 4 Y MENOS DE 6 SALARIOS MINIMOS;NO;41,76;1;6;5;1
6;20121;M;5;TULUÁ;29;-;NO DESERTOR;NO;3;MAS DE 4 Y MENOS DE 6 SALARIOS MINIMOS;Si;39,36;0;8;6;2
6;20121;M;7;YOTOCO;28;-;NO DESERTOR;NO;0;DOS SALARIOS MÍNIMOS O MENOS;NO;53,84;0;2;1;1
6;20121;M;3;TULUÁ;29;-;NO DESERTOR;NO;0;DOS SALARIOS MÍNIMOS O MENOS;NO;49,58;0;7;6;1
6;20121;M;1;TULUÁ;25;-;NO DESERTOR;NO;2;MAS DE 2 Y MENOS DE 4 SALARIOS MINIMOS;NO;53,16;0;5;4;1
6;20121;M;7;TULUÁ;28;-;NO DESERTOR;NO;2;DOS SALARIOS MÍNIMOS O MENOS;Si;41,48;0;2;1;1
6;20121;M;4;ANDALUCÍA;27;-;NO DESERTOR;NO;1;DOS SALARIOS MÍNIMOS O MENOS;Si;50,28;1;2;1;1
6;20121;M;2;ANDALUCÍA;27;-;NO DESERTOR;NO;0;MAS DE 2 Y MENOS DE 4 SALARIOS MINIMOS;NO;58,65;1;4;3;1
6;20121;M;5;TULUÁ;27;-;NO DESERTOR;NO;0;MAS DE 2 Y MENOS DE 4 SALARIOS MINIMOS;Si;49,56;1;6;5;1
6;20121;M;6;TULUÁ;29;-;NO DESERTOR;NO;0;NO DEFINIDO;Si;56,52;3;2;1;1
6;20121;M;4;TULUÁ;27;-;NO DESERTOR;NO;2;DOS SALARIOS MÍNIMOS O MENOS;Si;48,08;0;5;4;1
6;20121;M;5;TULUÁ;25;-;NO DESERTOR;NO;0;DOS SALARIOS MÍNIMOS O MENOS;Si;48,12;0;5;4;1
6;20121;M;2;TULUÁ;26;INACTIVIDAD ACADEMICA;DESERTOR;NO;0;MAS DE 2 Y MENOS DE 4 SALARIOS MINIMOS;NO;54,26;1;4;4;0
6;20121;M;2;TULUÁ;25;-;NO DESERTOR;NO;2;MAS DE 4 Y MENOS DE 6 SALARIOS MINIMOS;NO;46,12;3;2;1;1
6;20121;M;6;GUADALAJARA DE BUGA;27;-;NO DESERTOR;NO;2;DOS SALARIOS MÍNIMOS O MENOS;NO;40,52;2;5;4;1
6;20121;M;7;TULUÁ;27;-;NO DESERTOR;NO;0;DOS SALARIOS MÍNIMOS O MENOS;Si;40,44;3;2;1;1
6;20121;M;3;BUGALAGRANDE;24;-;NO DESERTOR;NO;0;MAS DE 2 Y MENOS DE 4 SALARIOS MINIMOS;NO;52,13;1;8;7;1
6;20121;M;2;TULUÁ;24;-;NO DESERTOR;NO;0;MAS DE 6 Y MENOS DE 8 SALARIOS MINIMOS;Si;52,73;0;5;4;1
6;20121;M;8;TULUÁ;28;-;NO DESERTOR;NO;0;NO DEFINIDO;Si;60,76;0;2;1;1
6;20121;M;8;TULUÁ;31;-;NO DESERTOR;NO;1;NO DEFINIDO;NO;48,73;1;3;1;2
6;20121;M;7;TULUÁ;30;-;NO DESERTOR;NO;0;NO DEFINIDO;Si;45,56;2;3;2;1
6;20121;M;9;ANDALUCÍA;28;-;NO DESERTOR;NO;0;NO DEFINIDO;Si;55,72;0;2;1;1
6;20121;M;8;GUADALAJARA DE BUGA;28;-;NO DESERTOR;NO;0;DOS SALARIOS MÍNIMOS O MENOS;Si;53,2;0;2;1;1
6;20121;M;7;TULUÁ;28;-;NO DESERTOR;NO;1;MAS DE 2 Y MENOS DE 4 SALARIOS MINIMOS;Si;49,84;0;4;2;2
6;20121;M;7;TULUÁ;27;-;NO DESERTOR;NO;0;MAS DE 6 Y MENOS DE 8 SALARIOS MINIMOS;Si;50,08;0;3;2;1
6;20121;M;6;TULUÁ;30;-;NO DESERTOR;NO;0;MAS DE 2 Y MENOS DE 4 SALARIOS MINIMOS;Si;52,2;0;6;5;1
6;20121;M;4;TULUÁ;25;-;NO DESERTOR;NO;1;MAS DE 2 Y MENOS DE 4 SALARIOS MINIMOS;NO;53,72;0;7;6;1
6;20121;M;4;TULUÁ;25;-;NO DESERTOR;NO;0;DOS SALARIOS MÍNIMOS O MENOS;Si;56,32;0;4;3;1
6;20121;M;3;GUADALAJARA DE BUGA;24;-;NO DESERTOR;NO;2;DOS SALARIOS MÍNIMOS O MENOS;NO;51,89;0;10;9;1
6;20121;M;2;TULUÁ;25;-;NO DESERTOR;NO;0;DOS SALARIOS MÍNIMOS O MENOS;NO;60,51;0;6;5;1
6;20121;M;2;TULUÁ;25;INACTIVIDAD ACADEMICA;DESERTOR;NO;0;MAS DE 2 Y MENOS DE 4 SALARIOS MINIMOS;NO;49,86;1;6;6;0
6;20121;M;1;GUADALAJARA DE BUGA;28;-;NO DESERTOR;NO;1;DOS SALARIOS MÍNIMOS O MENOS;NO;57,83;0;7;5;2
6;20121;M;1;GUADALAJARA DE BUGA;24;-;NO DESERTOR;NO;0;NO DEFINIDO;Si;50,95;0;7;6;1
6;20051;M;11;TULUÁ;34;-;NO DESERTOR;NO;0;NO DEFINIDO;Si;50,95;0;0;0;0
6;20051;M;8;BUGALAGRANDE;29;-;NO DESERTOR;NO;0;NO DEFINIDO;Si;49,33;0;2;1;1
6;20121;M;6;TULUÁ;28;-;NO DESERTOR;NO;0;DOS SALARIOS MÍNIMOS O MENOS;NO;43,56;2;2;1;1
6;20121;M;7;GUADALAJARA DE BUGA;28;-;NO DESERTOR;NO;0;DOS SALARIOS MÍNIMOS O MENOS;Si;53,45;0;2;1;1
6;20121;M;4;ANDALUCÍA;25;-;NO DESERTOR;NO;0;MAS DE 2 Y MENOS DE 4 SALARIOS MINIMOS;Si;39,48;1;6;5;1
6;20121;M;2;TULUÁ;25;-;NO DESERTOR;NO;1;MAS DE 4 Y MENOS DE 6 SALARIOS MINIMOS;NO;52,08;1;4;3;1
6;20121;M;2;GUADALAJARA DE BUGA;29;-;NO DESERTOR;NO;3;MAS DE 6 Y MENOS DE 8 SALARIOS MINIMOS;Si;48,94;0;5;4;1
6;20121;M;3;TULUÁ;31;-;NO DESERTOR;NO;0;MAS DE 2 Y MENOS DE 4 SALARIOS MINIMOS;NO;43,2;0;5;4;1
6;20121;M;3;GUADALAJARA DE BUGA;25;-;NO DESERTOR;NO;4;MAS DE 4 Y MENOS DE 6 SALARIOS MINIMOS;NO;63,09;2;6;6;0
6;20121;M;1;BUGALAGRANDE;24;-;NO DESERTOR;NO;0;MAS DE 4 Y MENOS DE 6 SALARIOS MINIMOS;NO;52,53;1;6;5;1
6;20121;M;1;TULUÁ;28;-;NO DESERTOR;NO;0;NO DEFINIDO;Si;50,95;0;2;1;1
6;20121;M;10;TULUÁ;28;-;NO DESERTOR;NO;0;NO DEFINIDO;Si;50,95;0;1;0;1
6;20121;M;9;TULUÁ;29;-;NO DESERTOR;NO;2;MAS DE 2 Y MENOS DE 4 SALARIOS MINIMOS;Si;50,95;0;2;1;1
6;20121;M;8;BUGALAGRANDE;29;INACTIVIDAD ACADEMICA;DESERTOR;NO;0;MAS DE 4 Y MENOS DE 6 SALARIOS MINIMOS;NO;46,48;1;2;1;1
6;20121;M;5;MEDELLÍN;28;-;NO DESERTOR;NO;0;MAS DE 2 Y MENOS DE 4 SALARIOS MINIMOS;NO;43,56;1;5;4;1
6;20121;M;1;TULUÁ;30;-;NO DESERTOR;NO;1;DOS SALARIOS MÍNIMOS O MENOS;NO;48,31;0;7;6;1
6;20121;M;2;TULUÁ;29;-;NO DESERTOR;NO;0;NO DEFINIDO;NO;50,95;0;1;0;1
6;20121;M;7;TULUÁ;28;-;NO DESERTOR;NO;1;DOS SALARIOS MÍNIMOS O MENOS;Si;41,8;0;3;2;1
6;20121;M;4;TULUÁ;25;-;NO DESERTOR;NO;0;MAS DE 2 Y MENOS DE 4 SALARIOS MINIMOS;Si;54,88;0;4;3;1
6;20121;F;8;TRUJILLO;28;-;NO DESERTOR;NO;0;NO DEFINIDO;NO;42,08;0;3;2;1
6;20121;F;7;TULUÁ;28;-;NO DESERTOR;NO;1;DOS SALARIOS MÍNIMOS O MENOS;NO;46,44;0;3;1;2
6;20121;F;6;TULUÁ;26;-;NO DESERTOR;NO;0;MAS DE 2 Y MENOS DE 4 SALARIOS MINIMOS;NO;51,32;0;6;5;1
6;20121;M;4;TULUÁ;27;-;NO DESERTOR;NO;0;MAS DE 2 Y MENOS DE 4 SALARIOS MINIMOS;Si;47,56;1;7;6;1
6;20121;M;1;TULUÁ;30;-;NO DESERTOR;NO;0;DOS SALARIOS MÍNIMOS O MENOS;NO;51,19;0;6;6;0
6;20121;M;1;GUADALAJARA DE BUGA;28;-;NO DESERTOR;SI;0;DOS SALARIOS MÍNIMOS O MENOS;NO;42,71;1;6;5;1
6;20121;M;2;GUADALAJARA DE BUGA;24;-;NO DESERTOR;NO;0;MAS DE 2 Y MENOS DE 4 SALARIOS MINIMOS;Si;54,32;0;4;3;1
6;20121;M;8;ANDALUCÍA;38;-;NO DESERTOR;NO;0;NO DEFINIDO;Si;49,68;1;2;1;1
6;20121;F;4;TULUÁ;27;-;NO DESERTOR;NO;2;DOS SALARIOS MÍNIMOS O MENOS;Si;47,44;0;8;7;1
6;20121;M;5;GUADALAJARA DE BUGA;26;-;NO DESERTOR;NO;1;MAS DE 2 Y MENOS DE 4 SALARIOS MINIMOS;Si;50,4;0;4;3;1
6;20121;F;4;GINEBRA;27;-;NO DESERTOR;NO;0;DOS SALARIOS MÍNIMOS O MENOS;Si;51,48;1;5;4;1
6;20121;F;2;TULUÁ;24;-;NO DESERTOR;NO;3;DOS SALARIOS MÍNIMOS O MENOS;NO;47,81;0;5;4;1
6;20121;F;1;ROLDANILLO;26;-;NO DESERTOR;NO;0;MAS DE 4 Y MENOS DE 6 SALARIOS MINIMOS;NO;50,21;0;4;3;1
6;20121;M;8;TULUÁ;31;-;NO DESERTOR;NO;0;NO DEFINIDO;NO;50,95;0;2;0;2
6;20121;M;1;GUADALAJARA DE BUGA;25;-;NO DESERTOR;NO;3;DOS SALARIOS MÍNIMOS O MENOS;NO;47,42;1;7;5;2
6;20121;M;3;TULUÁ;26;-;NO DESERTOR;NO;0;MAS DE 4 Y MENOS DE 6 SALARIOS MINIMOS;NO;43,11;1;7;6;1
6;20121;M;2;TULUÁ;26;-;NO DESERTOR;NO;0;DOS SALARIOS MÍNIMOS O MENOS;NO;49,78;1;5;4;1
6;20121;M;8;BUENAVENTURA;29;-;NO DESERTOR;NO;2;DOS SALARIOS MÍNIMOS O MENOS;Si;37,36;1;2;1;1
6;20051;M;8;GUADALAJARA DE BUGA;28;-;NO DESERTOR;NO;0;NO DEFINIDO;Si;55,99;0;3;2;1
6;20121;M;6;TULUÁ;27;-;NO DESERTOR;NO;3;DOS SALARIOS MÍNIMOS O MENOS;Si;38,56;0;2;1;1
6;20121;F;4;ROLDANILLO;30;-;NO DESERTOR;NO;1;MAS DE 4 Y MENOS DE 6 SALARIOS MINIMOS;NO;52,15;0;7;6;1
6;20121;F;8;TULUÁ;29;-;NO DESERTOR;NO;0;NO DEFINIDO;NO;49,48;1;2;1;1
6;20121;F;3;TULUÁ;26;-;NO DESERTOR;NO;2;MAS DE 2 Y MENOS DE 4 SALARIOS MINIMOS;NO;37,24;1;5;4;1
6;20121;F;9;BUENAVENTURA;27;-;NO DESERTOR;NO;2;NO DEFINIDO;Si;51,56;2;3;2;1
6;20121;F;2;TULUÁ;25;-;NO DESERTOR;NO;0;DOS SALARIOS MÍNIMOS O MENOS;NO;51,24;0;4;3;1
6;20121;F;8;ANDALUCÍA;26;-;NO DESERTOR;NO;0;MAS DE 2 Y MENOS DE 4 SALARIOS MINIMOS;Si;46,28;1;4;3;1
6;20121;F;2;TULUÁ;26;-;NO DESERTOR;NO;1;MAS DE 6 Y MENOS DE 8 SALARIOS MINIMOS;NO;40,03;1;4;3;1
6;20121;F;6;TULUÁ;29;-;NO DESERTOR;NO;0;DOS SALARIOS MÍNIMOS O MENOS;Si;46,76;1;3;2;1
6;20121;F;8;TULUÁ;29;-;NO DESERTOR;NO;1;MAS DE 4 Y MENOS DE 6 SALARIOS MINIMOS;Si;49,08;1;4;2;2
6;20121;F;5;TULUÁ;27;-;NO DESERTOR;NO;0;MAS DE 2 Y MENOS DE 4 SALARIOS MINIMOS;Si;41,16;1;6;5;1
6;20121;M;6;GUADALAJARA DE BUGA;36;-;NO DESERTOR;NO;0;MAS DE 4 Y MENOS DE 6 SALARIOS MINIMOS;Si;45,74;4;3;2;1
6;20121;M;2;TULUÁ;26;-;NO DESERTOR;NO;0;DOS SALARIOS MÍNIMOS O MENOS;Si;53,45;0;5;4;1
6;20121;F;10;GUADALAJARA DE BUGA;29;-;NO DESERTOR;NO;0;NO DEFINIDO;Si;51,92;0;1;0;1
6;20121;M;4;TULUÁ;28;-;NO DESERTOR;NO;0;DOS SALARIOS MÍNIMOS O MENOS;NO;48,64;0;5;4;1
6;20121;F;3;TULUÁ;28;-;NO DESERTOR;NO;2;DOS SALARIOS MÍNIMOS O MENOS;NO;42,36;0;7;6;1
6;20121;F;7;TULUÁ;33;-;NO DESERTOR;NO;0;NO DEFINIDO;NO;50,95;0;2;1;1
6;20121;F;4;TULUÁ;27;-;NO DESERTOR;NO;0;DOS SALARIOS MÍNIMOS O MENOS;Si;46,68;1;6;5;1
6;20121;F;4;TULUÁ;29;-;NO DESERTOR;NO;0;MAS DE 4 Y MENOS DE 6 SALARIOS MINIMOS;Si;57,15;0;6;5;1
6;20121;F;2;TULUÁ;27;-;NO DESERTOR;NO;1;MAS DE 2 Y MENOS DE 4 SALARIOS MINIMOS;NO;44,77;1;6;5;1
6;20121;F;4;TULUÁ;26;-;NO DESERTOR;NO;0;MAS DE 2 Y MENOS DE 4 SALARIOS MINIMOS;Si;45,84;0;6;5;1
6;20121;F;5;TULUÁ;29;-;NO DESERTOR;NO;0;MAS DE 2 Y MENOS DE 4 SALARIOS MINIMOS;Si;41,88;1;6;5;1
6;20121;F;3;GUADALAJARA DE BUGA;26;-;NO DESERTOR;NO;0;MAS DE 2 Y MENOS DE 4 SALARIOS MINIMOS;Si;53,73;0;5;4;1
6;20121;F;4;TULUÁ;25;-;NO DESERTOR;NO;0;DOS SALARIOS MÍNIMOS O MENOS;Si;52,64;0;4;3;1
6;20121;F;6;TULUÁ;27;-;NO DESERTOR;NO;0;MAS DE 4 Y MENOS DE 6 SALARIOS MINIMOS;Si;53,32;0;8;7;1
6;20121;F;4;ANDALUCÍA;23;-;NO DESERTOR;NO;0;DOS SALARIOS MÍNIMOS O MENOS;NO;50,48;1;5;5;0
6;20121;F;4;TRUJILLO;25;-;NO DESERTOR;NO;0;DOS SALARIOS MÍNIMOS O MENOS;Si;51,24;0;7;6;1
6;20121;F;2;BUENAVENTURA;24;-;NO DESERTOR;NO;2;MAS DE 2 Y MENOS DE 4 SALARIOS MINIMOS;Si;56,97;0;7;6;1
6;20121;M;3;TULUÁ;27;-;NO DESERTOR;NO;0;DOS SALARIOS MÍNIMOS O MENOS;NO;50,95;1;5;4;1
6;20121;M;5;TULUÁ;31;-;NO DESERTOR;NO;3;DOS SALARIOS MÍNIMOS O MENOS;Si;50,77;0;8;7;1
6;20121;M;7;TULUÁ;34;-;NO DESERTOR;NO;0;MAS DE 4 Y MENOS DE 6 SALARIOS MINIMOS;Si;47,51;0;2;1;1
6;20121;M;3;NEIVA;24;-;NO DESERTOR;NO;0;MAS DE 2 Y MENOS DE 4 SALARIOS MINIMOS;NO;57,09;0;3;2;1
6;20121;M;7;TULUÁ;30;-;NO DESERTOR;NO;0;MAS DE 4 Y MENOS DE 6 SALARIOS MINIMOS;Si;46,22;0;2;1;1
6;20121;M;6;TULUÁ;29;-;NO DESERTOR;NO;0;MAS DE 2 Y MENOS DE 4 SALARIOS MINIMOS;Si;39,92;3;2;1;1
6;20121;M;5;TULUÁ;26;-;NO DESERTOR;NO;0;MAS DE 2 Y MENOS DE 4 SALARIOS MINIMOS;Si;54,72;0;5;3;2
6;20121;F;3;TULUÁ;27;-;NO DESERTOR;NO;0;DOS SALARIOS MÍNIMOS O MENOS;NO;47,28;1;2;1;1
6;20121;F;9;GUADALAJARA DE BUGA;27;-;NO DESERTOR;NO;0;MAS DE 8 SALARIOS MINIMOS;NO;45,44;0;2;1;1
6;20121;F;2;ANDALUCÍA;23;-;NO DESERTOR;NO;2;NO DEFINIDO;NO;54,89;0;5;4;1
6;20121;F;7;BUENAVENTURA;26;-;NO DESERTOR;NO;0;NO DEFINIDO;NO;49,48;2;2;1;1
6;20121;F;2;TULUÁ;24;-;NO DESERTOR;NO;0;MAS DE 2 Y MENOS DE 4 SALARIOS MINIMOS;NO;45,12;1;5;4;1
6;20121;F;4;BUGALAGRANDE;25;-;NO DESERTOR;NO;0;DOS SALARIOS MÍNIMOS O MENOS;NO;44,56;1;7;5;2
6;20121;F;4;TULUÁ;26;-;NO DESERTOR;NO;0;MAS DE 4 Y MENOS DE 6 SALARIOS MINIMOS;Si;53,08;0;5;4;1
6;20121;F;7;GUADALAJARA DE BUGA;31;-;NO DESERTOR;NO;0;MAS DE 4 Y MENOS DE 6 SALARIOS MINIMOS;Si;50,95;1;5;4;1
6;20121;F;6;TULUÁ;28;-;NO DESERTOR;NO;2;MAS DE 2 Y MENOS DE 4 SALARIOS MINIMOS;Si;47,72;0;7;6;1
6;20121;F;5;TULUÁ;27;-;NO DESERTOR;NO;0;MAS DE 2 Y MENOS DE 4 SALARIOS MINIMOS;NO;38,96;1;4;3;1
6;20121;F;4;TULUÁ;26;-;NO DESERTOR;NO;0;MAS DE 2 Y MENOS DE 4 SALARIOS MINIMOS;Si;59,4;0;5;4;1
6;20121;F;3;GUADALAJARA DE BUGA;26;-;NO DESERTOR;NO;0;MAS DE 6 Y MENOS DE 8 SALARIOS MINIMOS;Si;53,01;0;9;8;1
6;20121;F;4;TULUÁ;26;-;NO DESERTOR;NO;0;DOS SALARIOS MÍNIMOS O MENOS;Si;55,76;0;7;6;1
6;20121;F;7;TULUÁ;27;-;NO DESERTOR;NO;0;MAS DE 2 Y MENOS DE 4 SALARIOS MINIMOS;NO;37,6;2;3;1;2
6;20121;F;4;TULUÁ;28;-;NO DESERTOR;NO;0;DOS SALARIOS MÍNIMOS O MENOS;NO;37,8;0;7;6;1
6;20121;F;2;TULUÁ;27;-;NO DESERTOR;NO;0;MAS DE 2 Y MENOS DE 4 SALARIOS MINIMOS;NO;43,32;1;3;2;1
6;20121;F;1;TULUÁ;23;-;NO DESERTOR;NO;0;MAS DE 4 Y MENOS DE 6 SALARIOS MINIMOS;NO;59,16;1;6;5;1
6;20121;F;5;GUADALAJARA DE BUGA;27;-;NO DESERTOR;NO;0;DOS SALARIOS MÍNIMOS O MENOS;NO;54,8;0;7;6;1
6;20121;F;2;TULUÁ;25;-;NO DESERTOR;NO;0;DOS SALARIOS MÍNIMOS O MENOS;NO;62,51;1;2;1;1
6;20121;F;4;ANDALUCÍA;26;-;NO DESERTOR;NO;0;DOS SALARIOS MÍNIMOS O MENOS;NO;37,4;1;8;8;0
6;20121;M;4;RIOFRÍO;33;-;NO DESERTOR;SI;0;MAS DE 2 Y MENOS DE 4 SALARIOS MINIMOS;NO;47,76;1;6;5;1
6;20121;F;1;TULUÁ;25;-;NO DESERTOR;NO;2;DOS SALARIOS MÍNIMOS O MENOS;NO;61,8;1;6;6;0
6;20121;M;6;GUADALAJARA DE BUGA;28;-;NO DESERTOR;NO;0;DOS SALARIOS MÍNIMOS O MENOS;Si;41,49;1;2;1;1
6;20121;M;1;TULUÁ;23;INACTIVIDAD ACADEMICA;DESERTOR;NO;2;MAS DE 4 Y MENOS DE 6 SALARIOS MINIMOS;NO;59,19;1;5;5;0
6;20121;M;6;TULUÁ;27;-;NO DESERTOR;NO;1;DOS SALARIOS MÍNIMOS O MENOS;Si;58,88;0;6;5;1
6;20121;M;4;TULUÁ;26;-;NO DESERTOR;NO;0;MAS DE 2 Y MENOS DE 4 SALARIOS MINIMOS;Si;40,32;0;5;4;1
6;20121;F;3;TULUÁ;29;-;NO DESERTOR;NO;0;NO DEFINIDO;Si;40;3;2;1;1
6;20121;F;9;TULUÁ;29;-;NO DESERTOR;NO;0;NO DEFINIDO;NO;52,32;0;4;3;1
6;20121;F;2;BUGALAGRANDE;25;-;NO DESERTOR;NO;0;DOS SALARIOS MÍNIMOS O MENOS;NO;51,09;0;5;4;1
6;20121;F;4;GUADALAJARA DE BUGA;25;-;NO DESERTOR;NO;0;DOS SALARIOS MÍNIMOS O MENOS;NO;43,04;0;5;5;0
6;20121;F;9;PALMIRA;27;-;NO DESERTOR;NO;0;MAS DE 4 Y MENOS DE 6 SALARIOS MINIMOS;Si;50,95;1;3;2;1
6;20121;F;7;ANDALUCÍA;31;-;NO DESERTOR;NO;0;DOS SALARIOS MÍNIMOS O MENOS;NO;41,76;0;2;1;1
6;20121;M;1;ANDALUCÍA;24;INACTIVIDAD ACADEMICA;DESERTOR;NO;2;MAS DE 4 Y MENOS DE 6 SALARIOS MINIMOS;NO;51,29;6;3;3;0
6;20121;M;6;TULUÁ;36;-;NO DESERTOR;NO;0;NO DEFINIDO;Si;46,88;0;2;1;1
6;20121;F;9;ANDALUCÍA;29;-;NO DESERTOR;NO;0;NO DEFINIDO;NO;46,72;0;2;1;1
6;20121;F;6;FUNES;27;-;NO DESERTOR;NO;0;MAS DE 2 Y MENOS DE 4 SALARIOS MINIMOS;Si;56;0;6;5;1
6;20121;F;3;GUADALAJARA DE BUGA;25;-;NO DESERTOR;NO;0;DOS SALARIOS MÍNIMOS O MENOS;NO;48,97;0;9;8;1
6;20051;M;9;RIOFRÍO;42;-;NO DESERTOR;NO;0;NO DEFINIDO;NO;50,95;1;2;1;1
6;20121;M;9;TULUÁ;31;-;NO DESERTOR;NO;0;MAS DE 2 Y MENOS DE 4 SALARIOS MINIMOS;Si;47,27;0;2;1;1
6;20121;M;4;BUGALAGRANDE;28;-;NO DESERTOR;NO;0;MAS DE 2 Y MENOS DE 4 SALARIOS MINIMOS;NO;43,6;1;5;4;1
6;20121;M;7;BUENAVENTURA;29;-;NO DESERTOR;NO;0;NO DEFINIDO;Si;45,45;2;2;1;1
6;20121;M;7;TULUÁ;28;-;NO DESERTOR;NO;0;NO DEFINIDO;Si;56,83;1;2;1;1
6;20121;M;7;TULUÁ;27;-;NO DESERTOR;NO;0;MAS DE 2 Y MENOS DE 4 SALARIOS MINIMOS;Si;54,8;0;3;1;2
6;20121;M;7;BUENAVENTURA;26;-;NO DESERTOR;NO;0;DOS SALARIOS MÍNIMOS O MENOS;Si;43;1;2;1;1
6;20091;M;9;TULUÁ;35;-;NO DESERTOR;NO;0;NO DEFINIDO;Si;50,95;0;1;0;1
6;20121;M;8;BUENAVENTURA;27;-;NO DESERTOR;NO;0;MAS DE 2 Y MENOS DE 4 SALARIOS MINIMOS;NO;46,2;0;2;1;1
6;20121;M;2;NO DEFINIDO;25;INACTIVIDAD ACADEMICA;DESERTOR;NO;2;MAS DE 4 Y MENOS DE 6 SALARIOS MINIMOS;NO;60,3;1;4;3;1
6;20121;F;9;TULUÁ;28;-;NO DESERTOR;NO;2;NO DEFINIDO;Si;51,13;0;3;2;1
6;20121;F;2;GUADALAJARA DE BUGA;27;INACTIVIDAD ACADEMICA;DESERTOR;NO;3;DOS SALARIOS MÍNIMOS O MENOS;NO;50,95;2;8;7;1
6;20121;M;10;TULUÁ;28;-;NO DESERTOR;NO;0;NO DEFINIDO;NO;47,12;0;1;0;1
6;20121;M;6;TULUÁ;27;-;NO DESERTOR;NO;0;DOS SALARIOS MÍNIMOS O MENOS;NO;46,28;0;6;5;1
6;20121;M;2;GUADALAJARA DE BUGA;24;-;NO DESERTOR;NO;0;MAS DE 6 Y MENOS DE 8 SALARIOS MINIMOS;NO;55,22;0;5;4;1
6;20121;M;2;TULUÁ;25;-;NO DESERTOR;NO;0;MAS DE 2 Y MENOS DE 4 SALARIOS MINIMOS;NO;68,13;0;3;2;1
6;20121;M;4;TRUJILLO;27;-;NO DESERTOR;NO;0;DOS SALARIOS MÍNIMOS O MENOS;NO;51,68;0;5;4;1
6;20121;M;2;TULUÁ;25;-;NO DESERTOR;NO;0;MAS DE 2 Y MENOS DE 4 SALARIOS MINIMOS;NO;48,21;3;3;3;0
6;20121;M;2;TULUÁ;25;INACTIVIDAD ACADEMICA;DESERTOR;NO;1;MAS DE 2 Y MENOS DE 4 SALARIOS MINIMOS;NO;45,91;1;4;4;0
6;20121;M;4;TULUÁ;28;-;NO DESERTOR;NO;0;MAS DE 2 Y MENOS DE 4 SALARIOS MINIMOS;NO;40;0;4;3;1
6;20121;M;4;TULUÁ;27;-;NO DESERTOR;NO;1;DOS SALARIOS MÍNIMOS O MENOS;Si;57,72;0;8;7;1
6;20121;F;4;BUGALAGRANDE;25;-;NO DESERTOR;NO;1;MAS DE 2 Y MENOS DE 4 SALARIOS MINIMOS;Si;49,84;0;5;4;1
6;20121;M;9;TULUÁ;28;-;NO DESERTOR;NO;2;MAS DE 2 Y MENOS DE 4 SALARIOS MINIMOS;NO;61,4;0;2;1;1
6;20121;M;7;TULUÁ;28;-;NO DESERTOR;SI;1;MAS DE 2 Y MENOS DE 4 SALARIOS MINIMOS;NO;47,28;1;2;1;1
6;20121;M;2;TULUÁ;25;-;NO DESERTOR;NO;0;MAS DE 4 Y MENOS DE 6 SALARIOS MINIMOS;NO;51,79;1;3;3;0
6;20121;M;2;ANDALUCÍA;27;-;NO DESERTOR;NO;0;MAS DE 2 Y MENOS DE 4 SALARIOS MINIMOS;NO;43,34;1;4;3;1
6;20121;M;6;TULUÁ;26;-;NO DESERTOR;NO;0;MAS DE 2 Y MENOS DE 4 SALARIOS MINIMOS;Si;49,68;1;6;5;1
6;20121;M;1;ANDALUCÍA;24;-;NO DESERTOR;NO;2;MAS DE 8 SALARIOS MINIMOS;NO;49,08;1;8;7;1
6;20121;M;1;CALI;24;-;NO DESERTOR;NO;0;MAS DE 4 Y MENOS DE 6 SALARIOS MINIMOS;NO;52,27;0;7;6;1
6;20121;F;6;BUENAVENTURA;26;-;NO DESERTOR;SI;3;DOS SALARIOS MÍNIMOS O MENOS;Si;45,96;2;5;4;1
6;20121;F;5;BUENAVENTURA;25;-;NO DESERTOR;NO;0;DOS SALARIOS MÍNIMOS O MENOS;NO;40,56;1;8;7;1
6;20121;F;2;TRUJILLO;30;-;NO DESERTOR;NO;3;MAS DE 4 Y MENOS DE 6 SALARIOS MINIMOS;NO;48,45;1;4;3;1
6;20121;F;7;TULUÁ;28;INACTIVIDAD ACADEMICA;DESERTOR;NO;0;MAS DE 2 Y MENOS DE 4 SALARIOS MINIMOS;NO;45;0;2;1;1
6;20121;F;1;TULUÁ;25;-;NO DESERTOR;NO;0;DOS SALARIOS MÍNIMOS O MENOS;NO;53,98;0;8;7;1
6;20121;M;2;TULUÁ;26;-;NO DESERTOR;NO;0;MAS DE 6 Y MENOS DE 8 SALARIOS MINIMOS;NO;46,06;0;3;2;1
6;20121;F;8;ANDALUCÍA;27;-;NO DESERTOR;NO;0;DOS SALARIOS MÍNIMOS O MENOS;NO;43,12;1;2;1;1
6;20121;F;4;TULUÁ;26;-;NO DESERTOR;NO;0;MAS DE 2 Y MENOS DE 4 SALARIOS MINIMOS;NO;52,16;0;8;7;1
6;20121;F;2;BUGALAGRANDE;24;-;NO DESERTOR;NO;0;MAS DE 2 Y MENOS DE 4 SALARIOS MINIMOS;NO;56,3;0;4;3;1
6;20121;F;2;ZARZAL;24;-;NO DESERTOR;NO;2;DOS SALARIOS MÍNIMOS O MENOS;NO;47,5;0;3;3;0
6;20121;F;1;SAN PEDRO;25;-;NO DESERTOR;NO;0;DOS SALARIOS MÍNIMOS O MENOS;NO;45,05;1;5;4;1
6;20121;F;1;TULUÁ;25;-;NO DESERTOR;NO;2;MAS DE 4 Y MENOS DE 6 SALARIOS MINIMOS;NO;50,95;0;7;4;3
6;20121;F;3;ANDALUCÍA;24;-;NO DESERTOR;NO;0;DOS SALARIOS MÍNIMOS O MENOS;NO;54,67;0;10;9;1
6;20121;F;1;BUGALAGRANDE;27;INACTIVIDAD ACADEMICA;DESERTOR;NO;1;MAS DE 2 Y MENOS DE 4 SALARIOS MINIMOS;NO;47,76;1;1;1;0
6;20121;F;1;ANDALUCÍA;25;-;NO DESERTOR;NO;0;DOS SALARIOS MÍNIMOS O MENOS;NO;43,04;1;6;5;1
6;20121;M;3;TULUÁ;25;-;NO DESERTOR;NO;0;DOS SALARIOS MÍNIMOS O MENOS;NO;46,76;1;5;4;1
6;20121;M;7;BUENAVENTURA;31;-;NO DESERTOR;NO;5;NO DEFINIDO;NO;38,05;2;2;1;1
6;20121;M;2;BUGALAGRANDE;26;-;NO DESERTOR;NO;5;MAS DE 4 Y MENOS DE 6 SALARIOS MINIMOS;NO;44,33;1;3;3;0
6;20121;M;4;TULUÁ;27;-;NO DESERTOR;SI;0;MAS DE 2 Y MENOS DE 4 SALARIOS MINIMOS;NO;42,56;1;6;5;1
6;20121;F;6;TULUÁ;27;-;NO DESERTOR;NO;0;DOS SALARIOS MÍNIMOS O MENOS;Si;44,36;0;6;5;1
6;20121;M;7;GUADALAJARA DE BUGA;31;-;NO DESERTOR;NO;1;MAS DE 2 Y MENOS DE 4 SALARIOS MINIMOS;NO;43,03;0;2;1;1
6;20121;M;5;TULUÁ;26;-;NO DESERTOR;NO;0;MAS DE 2 Y MENOS DE 4 SALARIOS MINIMOS;Si;49,68;0;7;6;1
6;20121;F;3;TULUÁ;26;-;NO DESERTOR;NO;2;DOS SALARIOS MÍNIMOS O MENOS;NO;44,32;1;8;7;1
6;20121;M;4;TULUÁ;27;-;NO DESERTOR;NO;2;DOS SALARIOS MÍNIMOS O MENOS;NO;47,2;0;4;3;1
6;20121;F;7;ANDALUCÍA;31;-;NO DESERTOR;NO;0;DOS SALARIOS MÍNIMOS O MENOS;Si;50,68;0;2;1;1
6;20051;M;8;GUADALAJARA DE BUGA;30;-;NO DESERTOR;NO;1;NO DEFINIDO;NO;49,17;2;2;1;1
6;20121;F;7;GUADALAJARA DE BUGA;27;-;NO DESERTOR;NO;0;MAS DE 4 Y MENOS DE 6 SALARIOS MINIMOS;Si;44,64;0;4;3;1
5;20121;M;1;TULUÁ;30;INACTIVIDAD ACADEMICA;DESERTOR;NO;0;MAS DE 4 Y MENOS DE 6 SALARIOS MINIMOS;NO;46,52;4;2;1;1
5;20121;F;9;TRUJILLO;29;-;NO DESERTOR;NO;0;NO DEFINIDO;NO;41,77;0;3;1;2
5;20121;M;6;BARRAGAN;27;-;NO DESERTOR;NO;2;DOS SALARIOS MÍNIMOS O MENOS;NO;42,44;0;2;1;1
5;20121;M;1;TULUÁ;40;-;NO DESERTOR;SI;1;MAS DE 2 Y MENOS DE 4 SALARIOS MINIMOS;NO;56,52;1;7;6;1
5;20121;F;5;TULUÁ;27;-;NO DESERTOR;NO;0;MAS DE 2 Y MENOS DE 4 SALARIOS MINIMOS;NO;52,6;0;5;4;1
5;20121;F;3;TULUÁ;26;-;NO DESERTOR;NO;0;MAS DE 2 Y MENOS DE 4 SALARIOS MINIMOS;NO;60,32;0;7;6;1
5;20121;M;5;ANDALUCÍA;27;-;NO DESERTOR;NO;0;DOS SALARIOS MÍNIMOS O MENOS;NO;47,72;0;6;5;1
5;20121;M;1;TULUÁ;26;-;NO DESERTOR;NO;0;DOS SALARIOS MÍNIMOS O MENOS;NO;59,41;1;5;4;1
5;20121;F;2;TULUÁ;25;-;NO DESERTOR;NO;0;MAS DE 2 Y MENOS DE 4 SALARIOS MINIMOS;NO;50,4;1;6;5;1
5;20121;M;4;TULUÁ;27;-;NO DESERTOR;NO;0;MAS DE 4 Y MENOS DE 6 SALARIOS MINIMOS;Si;44,76;1;2;1;1
5;20121;M;4;TULUÁ;28;-;NO DESERTOR;NO;0;MAS DE 8 SALARIOS MINIMOS;Si;43,72;0;7;6;1
5;20121;F;7;TULUÁ;27;-;NO DESERTOR;NO;0;DOS SALARIOS MÍNIMOS O MENOS;Si;48,44;0;4;3;1
5;20091;M;8;GUADALAJARA DE BUGA;30;-;NO DESERTOR;NO;0;NO DEFINIDO;NO;50,95;2;2;1;1
5;20121;F;7;SAN PEDRO;26;-;NO DESERTOR;NO;0;MAS DE 2 Y MENOS DE 4 SALARIOS MINIMOS;NO;47,08;0;2;1;1
5;20121;F;3;TULUÁ;26;-;NO DESERTOR;NO;2;DOS SALARIOS MÍNIMOS O MENOS;NO;54,32;0;7;6;1
5;20121;F;3;TULUÁ;28;-;NO DESERTOR;NO;0;DOS SALARIOS MÍNIMOS O MENOS;NO;44,12;0;7;6;1
5;20121;M;3;GUADALAJARA DE BUGA;30;-;NO DESERTOR;NO;0;MAS DE 2 Y MENOS DE 4 SALARIOS MINIMOS;NO;46,07;1;7;6;1
5;20091;M;7;TULUÁ;31;-;NO DESERTOR;NO;0;NO DEFINIDO;Si;50,95;0;1;0;1
5;20121;M;3;TULUÁ;27;INACTIVIDAD ACADEMICA;DESERTOR;NO;0;MAS DE 2 Y MENOS DE 4 SALARIOS MINIMOS;NO;46,08;2;3;2;1
5;20121;M;2;TULUÁ;25;INACTIVIDAD ACADEMICA;DESERTOR;NO;0;DOS SALARIOS MÍNIMOS O MENOS;NO;47,58;1;6;6;0
5;20121;M;1;TULUÁ;26;INACTIVIDAD ACADEMICA;DESERTOR;NO;0;MAS DE 4 Y MENOS DE 6 SALARIOS MINIMOS;NO;59,94;2;7;4;3
5;20121;M;2;ANDALUCÍA;26;-;NO DESERTOR;NO;1;DOS SALARIOS MÍNIMOS O MENOS;NO;48,15;1;5;5;0
5;20121;M;9;TULUÁ;28;-;NO DESERTOR;NO;0;NO DEFINIDO;Si;39,88;0;3;2;1
5;20121;M;5;SAN PEDRO;30;-;NO DESERTOR;NO;2;MAS DE 2 Y MENOS DE 4 SALARIOS MINIMOS;NO;48,14;0;3;2;1
5;20121;M;4;TULUÁ;28;-;NO DESERTOR;NO;0;MAS DE 4 Y MENOS DE 6 SALARIOS MINIMOS;Si;48,44;1;5;4;1
5;20121;F;1;TULUÁ;31;-;NO DESERTOR;NO;0;MAS DE 2 Y MENOS DE 4 SALARIOS MINIMOS;NO;49,87;1;4;4;0
5;20121;F;2;ANSERMA;26;-;NO DESERTOR;NO;0;MAS DE 2 Y MENOS DE 4 SALARIOS MINIMOS;NO;47,44;0;2;1;1
5;20121;F;2;TULUÁ;25;-;NO DESERTOR;NO;0;MAS DE 2 Y MENOS DE 4 SALARIOS MINIMOS;Si;55,08;0;6;5;1
5;20121;F;2;TULUÁ;27;-;NO DESERTOR;NO;0;MAS DE 2 Y MENOS DE 4 SALARIOS MINIMOS;NO;50,78;0;7;6;1
5;20121;F;4;TULUÁ;26;-;NO DESERTOR;NO;0;MAS DE 4 Y MENOS DE 6 SALARIOS MINIMOS;Si;48,4;0;4;3;1
5;20121;F;2;TULUÁ;27;-;NO DESERTOR;NO;0;MAS DE 2 Y MENOS DE 4 SALARIOS MINIMOS;Si;61,2;0;8;7;1
5;20121;M;4;TULUÁ;30;-;NO DESERTOR;NO;0;NO DEFINIDO;NO;43,21;1;3;1;2
5;20121;F;1;TULUÁ;27;-;NO DESERTOR;SI;1;MAS DE 2 Y MENOS DE 4 SALARIOS MINIMOS;NO;54,43;0;5;4;1
5;20121;M;1;TULUÁ;25;-;NO DESERTOR;NO;0;MAS DE 2 Y MENOS DE 4 SALARIOS MINIMOS;Si;61,96;0;5;4;1
5;20121;M;9;TULUÁ;28;-;NO DESERTOR;NO;1;NO DEFINIDO;Si;50,95;0;1;0;1
5;20121;M;5;TULUÁ;26;-;NO DESERTOR;NO;0;MAS DE 4 Y MENOS DE 6 SALARIOS MINIMOS;Si;54,6;0;7;6;1
5;20121;M;4;TULUÁ;30;-;NO DESERTOR;NO;0;DOS SALARIOS MÍNIMOS O MENOS;NO;44,44;1;2;1;1
5;20121;M;5;GUADALAJARA DE BUGA;27;-;NO DESERTOR;NO;0;MAS DE 2 Y MENOS DE 4 SALARIOS MINIMOS;Si;46,48;1;2;1;1
5;20121;M;3;TULUÁ;37;-;NO DESERTOR;SI;0;DOS SALARIOS MÍNIMOS O MENOS;NO;42,48;0;7;6;1
5;20091;M;8;SEVILLA;34;-;NO DESERTOR;NO;0;NO DEFINIDO;Si;50,95;0;2;1;1
5;20121;M;8;TULUÁ;30;-;NO DESERTOR;NO;0;MAS DE 2 Y MENOS DE 4 SALARIOS MINIMOS;Si;53,94;1;5;4;1
5;20121;M;3;TRUJILLO;26;-;NO DESERTOR;NO;0;MAS DE 2 Y MENOS DE 4 SALARIOS MINIMOS;Si;56,24;0;7;6;1
5;20121;M;5;BUGALAGRANDE;28;-;NO DESERTOR;NO;0;DOS SALARIOS MÍNIMOS O MENOS;NO;46;3;2;1;1
5;20121;M;2;TULUÁ;26;-;NO DESERTOR;NO;0;MAS DE 6 Y MENOS DE 8 SALARIOS MINIMOS;NO;50,32;0;8;7;1
5;20121;M;2;TULUÁ;28;-;NO DESERTOR;NO;0;DOS SALARIOS MÍNIMOS O MENOS;Si;49,26;0;9;8;1
5;20051;F;4;ANDALUCÍA;34;-;NO DESERTOR;NO;0;NO DEFINIDO;NO;50,95;0;1;0;1
5;20121;F;6;SEVILLA;28;-;NO DESERTOR;NO;0;NO DEFINIDO;NO;41,24;1;2;1;1
5;20121;F;5;ANDALUCÍA;25;-;NO DESERTOR;NO;0;MAS DE 2 Y MENOS DE 4 SALARIOS MINIMOS;NO;51,76;0;5;4;1
5;20121;F;4;TULUÁ;32;-;NO DESERTOR;NO;0;MAS DE 2 Y MENOS DE 4 SALARIOS MINIMOS;NO;42,17;1;5;4;1
5;20121;F;2;GUADALAJARA DE BUGA;31;-;NO DESERTOR;NO;1;DOS SALARIOS MÍNIMOS O MENOS;NO;50,09;1;7;6;1
5;20091;M;9;TULUÁ;32;-;NO DESERTOR;NO;0;NO DEFINIDO;Si;50,95;0;1;0;1
5;20121;M;1;ANDALUCÍA;28;-;NO DESERTOR;NO;0;MAS DE 4 Y MENOS DE 6 SALARIOS MINIMOS;NO;49,22;0;3;2;1
5;20121;M;1;TULUÁ;26;-;NO DESERTOR;NO;0;DOS SALARIOS MÍNIMOS O MENOS;NO;49,07;0;7;6;1
5;20121;F;1;BUGALAGRANDE;24;-;NO DESERTOR;NO;0;MAS DE 2 Y MENOS DE 4 SALARIOS MINIMOS;NO;68,93;0;3;2;1
5;20121;M;1;TULUÁ;26;INACTIVIDAD ACADEMICA;DESERTOR;NO;0;DOS SALARIOS MÍNIMOS O MENOS;NO;47,58;2;4;4;0
5;20121;M;3;TULUÁ;27;INACTIVIDAD ACADEMICA;DESERTOR;NO;2;DOS SALARIOS MÍNIMOS O MENOS;NO;40,96;1;6;5;1
5;20121;M;5;TULUÁ;26;-;NO DESERTOR;NO;0;MAS DE 2 Y MENOS DE 4 SALARIOS MINIMOS;Si;42,12;0;7;5;2
5;20121;M;3;BUGALAGRANDE;29;-;NO DESERTOR;NO;0;NO DEFINIDO;Si;50,83;0;2;1;1
5;20121;M;4;TULUÁ;26;-;NO DESERTOR;NO;0;DOS SALARIOS MÍNIMOS O MENOS;Si;54,56;0;7;6;1
5;20121;M;1;BUENAVENTURA;25;-;NO DESERTOR;NO;0;MAS DE 2 Y MENOS DE 4 SALARIOS MINIMOS;NO;46,95;1;5;4;1
5;20121;M;4;TULUÁ;30;-;NO DESERTOR;NO;0;MAS DE 4 Y MENOS DE 6 SALARIOS MINIMOS;Si;46,51;1;5;4;1
5;20121;M;2;TULUÁ;27;-;NO DESERTOR;NO;0;MAS DE 4 Y MENOS DE 6 SALARIOS MINIMOS;NO;53,55;1;6;6;0
5;20121;F;8;TULUÁ;28;-;NO DESERTOR;NO;0;DOS SALARIOS MÍNIMOS O MENOS;NO;50,32;0;5;3;2
5;20121;F;4;TULUÁ;26;-;NO DESERTOR;NO;0;DOS SALARIOS MÍNIMOS O MENOS;NO;48,64;1;6;5;1
5;20121;F;3;TULUÁ;25;-;NO DESERTOR;NO;1;DOS SALARIOS MÍNIMOS O MENOS;NO;57,92;0;8;7;1
5;20121;F;1;TULUÁ;27;-;NO DESERTOR;NO;0;MAS DE 6 Y MENOS DE 8 SALARIOS MINIMOS;NO;40,71;1;3;3;0
5;20121;F;2;TULUÁ;28;-;NO DESERTOR;NO;1;MAS DE 4 Y MENOS DE 6 SALARIOS MINIMOS;NO;46,16;0;7;6;1
5;20121;F;1;TULUÁ;28;-;NO DESERTOR;NO;0;DOS SALARIOS MÍNIMOS O MENOS;NO;43,81;1;5;4;1
5;20121;M;3;BUGALAGRANDE;27;-;NO DESERTOR;NO;0;DOS SALARIOS MÍNIMOS O MENOS;Si;50;1;6;5;1
5;20121;F;3;TULUÁ;25;-;NO DESERTOR;NO;0;MAS DE 2 Y MENOS DE 4 SALARIOS MINIMOS;Si;59,12;0;5;4;1
5;20121;M;7;CALI;27;-;NO DESERTOR;NO;2;MAS DE 2 Y MENOS DE 4 SALARIOS MINIMOS;Si;50,95;0;0;0;0
5;20121;F;8;TULUÁ;33;-;NO DESERTOR;NO;0;DOS SALARIOS MÍNIMOS O MENOS;Si;50,1;1;2;1;1
5;20121;M;1;TULUÁ;25;-;NO DESERTOR;NO;1;MAS DE 2 Y MENOS DE 4 SALARIOS MINIMOS;NO;33,39;0;6;5;1
5;20121;M;1;TULUÁ;26;-;NO DESERTOR;NO;0;MAS DE 2 Y MENOS DE 4 SALARIOS MINIMOS;NO;32,82;1;3;3;0
5;20121;M;3;TULUÁ;27;-;NO DESERTOR;NO;0;MAS DE 4 Y MENOS DE 6 SALARIOS MINIMOS;Si;54,16;0;7;6;1
5;20121;M;7;GUADALAJARA DE BUGA;27;-;NO DESERTOR;NO;0;DOS SALARIOS MÍNIMOS O MENOS;Si;47,56;1;2;1;1
5;20121;M;3;TULUÁ;26;-;NO DESERTOR;NO;1;MAS DE 4 Y MENOS DE 6 SALARIOS MINIMOS;NO;55,8;1;5;4;1
5;20121;M;6;TULUÁ;31;-;NO DESERTOR;NO;2;DOS SALARIOS MÍNIMOS O MENOS;Si;50,95;0;3;2;1
5;20121;M;6;GUADALAJARA DE BUGA;28;-;NO DESERTOR;NO;0;DOS SALARIOS MÍNIMOS O MENOS;Si;46,16;0;2;1;1
5;20091;M;9;TULUÁ;30;-;NO DESERTOR;NO;0;NO DEFINIDO;Si;50,95;1;2;1;1
5;20121;F;6;TULUÁ;31;-;NO DESERTOR;NO;0;DOS SALARIOS MÍNIMOS O MENOS;Si;46,78;2;3;2;1
5;20121;F;7;TULUÁ;28;-;NO DESERTOR;NO;2;DOS SALARIOS MÍNIMOS O MENOS;Si;51,72;0;2;1;1
5;20051;F;10;GUADALAJARA DE BUGA;34;-;NO DESERTOR;NO;0;NO DEFINIDO;Si;50,95;0;2;1;1
5;20091;F;9;GUADALAJARA DE BUGA;29;-;NO DESERTOR;NO;0;NO DEFINIDO;Si;49,1;1;2;1;1
5;20121;F;3;TRUJILLO;28;-;NO DESERTOR;NO;0;DOS SALARIOS MÍNIMOS O MENOS;Si;49,24;0;7;6;1
5;20121;F;3;YOTOCO;34;-;NO DESERTOR;SI;1;DOS SALARIOS MÍNIMOS O MENOS;NO;38,91;2;2;1;1
5;20121;F;3;TULUÁ;25;-;NO DESERTOR;NO;0;MAS DE 2 Y MENOS DE 4 SALARIOS MINIMOS;Si;60,28;0;4;3;1
5;20121;F;7;TULUÁ;28;-;NO DESERTOR;NO;0;DOS SALARIOS MÍNIMOS O MENOS;Si;48,68;0;4;2;2
5;20121;F;2;TULUÁ;28;-;NO DESERTOR;NO;0;MAS DE 2 Y MENOS DE 4 SALARIOS MINIMOS;NO;45,41;1;8;8;0
5;20121;M;4;LA UNIÓN;29;-;NO DESERTOR;NO;0;MAS DE 4 Y MENOS DE 6 SALARIOS MINIMOS;NO;39,92;1;2;1;1
5;20121;M;3;TULUÁ;30;-;NO DESERTOR;NO;0;MAS DE 4 Y MENOS DE 6 SALARIOS MINIMOS;NO;45,69;1;2;1;1
5;20121;M;4;TULUÁ;30;-;NO DESERTOR;NO;0;MAS DE 2 Y MENOS DE 4 SALARIOS MINIMOS;NO;47,54;3;2;1;1
5;20121;M;3;TULUÁ;30;-;NO DESERTOR;NO;0;NO DEFINIDO;NO;44,1;3;2;1;1
5;20121;M;1;GUADALAJARA DE BUGA;25;-;NO DESERTOR;NO;2;DOS SALARIOS MÍNIMOS O MENOS;NO;48,4;1;5;4;1
5;20121;M;1;ANDALUCÍA;25;INACTIVIDAD ACADEMICA;DESERTOR;NO;0;MAS DE 2 Y MENOS DE 4 SALARIOS MINIMOS;NO;52,78;3;4;4;0
5;20121;M;4;ANDALUCÍA;28;-;NO DESERTOR;NO;0;NO DEFINIDO;NO;52,6;1;2;1;1
5;20121;M;5;AIPE;31;-;NO DESERTOR;NO;0;DOS SALARIOS MÍNIMOS O MENOS;Si;49,26;0;2;1;1
5;20121;M;1;TULUÁ;25;-;NO DESERTOR;NO;2;MAS DE 2 Y MENOS DE 4 SALARIOS MINIMOS;NO;61,03;1;6;5;1
5;20121;M;7;BUENAVENTURA;30;-;NO DESERTOR;NO;0;DOS SALARIOS MÍNIMOS O MENOS;NO;50,95;2;2;1;1
5;20091;F;11;ZARZAL;30;-;NO DESERTOR;NO;0;NO DEFINIDO;NO;50,95;0;1;0;1
5;20121;F;1;TULUÁ;24;-;NO DESERTOR;NO;0;MAS DE 6 Y MENOS DE 8 SALARIOS MINIMOS;NO;56,69;0;5;4;1
5;20121;F;4;TULUÁ;35;INACTIVIDAD ACADEMICA;DESERTOR;NO;0;NO DEFINIDO;NO;50,95;0;1;0;1
5;20121;M;4;TULUÁ;26;-;NO DESERTOR;NO;0;DOS SALARIOS MÍNIMOS O MENOS;NO;42,32;1;8;7;1
5;20121;M;3;TULUÁ;26;-;NO DESERTOR;NO;1;MAS DE 2 Y MENOS DE 4 SALARIOS MINIMOS;NO;50,84;0;6;5;1
5;20121;M;8;TULUÁ;28;-;NO DESERTOR;NO;0;NO DEFINIDO;Si;65,17;0;3;2;1
5;20121;M;6;TULUÁ;30;-;NO DESERTOR;NO;0;MAS DE 2 Y MENOS DE 4 SALARIOS MINIMOS;NO;42,08;1;2;1;1
5;20121;M;2;TULUÁ;24;-;NO DESERTOR;NO;0;DOS SALARIOS MÍNIMOS O MENOS;NO;51,29;0;7;6;1
5;20121;M;1;TULUÁ;25;INACTIVIDAD ACADEMICA;DESERTOR;NO;1;MAS DE 2 Y MENOS DE 4 SALARIOS MINIMOS;NO;62,89;1;5;5;0
5;20051;M;10;GUADALAJARA DE BUGA;37;-;NO DESERTOR;NO;0;NO DEFINIDO;Si;50,95;0;2;1;1
5;20091;M;8;TULUÁ;29;-;NO DESERTOR;NO;1;NO DEFINIDO;Si;50,95;0;1;0;1
5;20121;F;1;BUGALAGRANDE;26;-;NO DESERTOR;NO;0;MAS DE 2 Y MENOS DE 4 SALARIOS MINIMOS;NO;45,56;1;7;6;1
5;20121;F;8;YOTOCO;28;-;NO DESERTOR;NO;2;NO DEFINIDO;Si;50,95;2;2;1;1
5;20121;M;5;TULUÁ;38;-;NO DESERTOR;NO;0;MAS DE 2 Y MENOS DE 4 SALARIOS MINIMOS;NO;50,6;0;5;4;1
5;20121;F;6;TULUÁ;28;-;NO DESERTOR;NO;2;MAS DE 4 Y MENOS DE 6 SALARIOS MINIMOS;Si;43,2;0;2;1;1
5;20121;M;4;TULUÁ;28;-;NO DESERTOR;NO;0;NO DEFINIDO;NO;37,8;2;2;1;1
5;20121;M;3;TULUÁ;28;-;NO DESERTOR;NO;2;DOS SALARIOS MÍNIMOS O MENOS;NO;50,4;0;4;3;1
5;20121;M;5;TULUÁ;28;-;NO DESERTOR;NO;0;DOS SALARIOS MÍNIMOS O MENOS;NO;56,8;1;6;5;1
5;20121;M;5;TULUÁ;28;-;NO DESERTOR;NO;1;NO DEFINIDO;Si;44,36;3;2;1;1
5;20121;M;3;TULUÁ;25;-;NO DESERTOR;NO;1;DOS SALARIOS MÍNIMOS O MENOS;Si;49,12;0;7;6;1
5;20121;M;4;TULUÁ;31;-;NO DESERTOR;NO;2;DOS SALARIOS MÍNIMOS O MENOS;NO;43,84;2;2;1;1
5;20121;F;1;TULUÁ;24;-;NO DESERTOR;NO;0;DOS SALARIOS MÍNIMOS O MENOS;NO;59,71;0;6;5;1
5;20121;F;7;TULUÁ;29;-;NO DESERTOR;NO;0;MAS DE 2 Y MENOS DE 4 SALARIOS MINIMOS;NO;51,68;0;2;1;1
5;20051;M;11;TULUÁ;35;-;NO DESERTOR;NO;0;NO DEFINIDO;Si;50,95;0;1;0;1
5;20121;M;6;TULUÁ;28;-;NO DESERTOR;NO;0;NO DEFINIDO;Si;50,95;0;1;0;1
5;20121;M;6;GUADALAJARA DE BUGA;29;-;NO DESERTOR;NO;1;DOS SALARIOS MÍNIMOS O MENOS;NO;66,44;0;2;1;1
5;20121;M;4;TULUÁ;31;-;NO DESERTOR;NO;0;MAS DE 2 Y MENOS DE 4 SALARIOS MINIMOS;Si;46,17;1;6;5;1
5;20121;M;6;BUENAVENTURA;29;-;NO DESERTOR;NO;0;DOS SALARIOS MÍNIMOS O MENOS;Si;46,44;0;2;1;1
5;20121;M;1;TULUÁ;25;-;NO DESERTOR;NO;0;MAS DE 2 Y MENOS DE 4 SALARIOS MINIMOS;NO;52,87;0;5;4;1
5;20121;F;3;TULUÁ;27;-;NO DESERTOR;SI;0;DOS SALARIOS MÍNIMOS O MENOS;NO;48,4;0;7;6;1
5;20121;F;4;ROLDANILLO;26;-;NO DESERTOR;NO;0;MAS DE 4 Y MENOS DE 6 SALARIOS MINIMOS;NO;41,76;1;6;5;1
5;20051;F;10;TULUÁ;28;-;NO DESERTOR;NO;0;NO DEFINIDO;NO;58,81;0;3;2;1
5;20121;M;4;TULUÁ;29;-;NO DESERTOR;NO;3;MAS DE 4 Y MENOS DE 6 SALARIOS MINIMOS;Si;39,36;0;8;6;2
5;20121;M;6;YOTOCO;28;-;NO DESERTOR;NO;0;DOS SALARIOS MÍNIMOS O MENOS;NO;53,84;0;2;1;1
5;20121;M;2;TULUÁ;29;-;NO DESERTOR;NO;0;DOS SALARIOS MÍNIMOS O MENOS;NO;49,58;0;7;6;1
5;20121;M;6;TULUÁ;28;-;NO DESERTOR;NO;2;DOS SALARIOS MÍNIMOS O MENOS;Si;41,48;0;2;1;1
5;20091;M;9;BUGALAGRANDE;28;-;NO DESERTOR;NO;1;NO DEFINIDO;Si;50,95;0;2;1;1
5;20121;M;3;ANDALUCÍA;27;-;NO DESERTOR;NO;1;DOS SALARIOS MÍNIMOS O MENOS;Si;50,28;1;2;1;1
5;20121;M;1;ANDALUCÍA;27;-;NO DESERTOR;NO;0;MAS DE 2 Y MENOS DE 4 SALARIOS MINIMOS;NO;58,65;1;4;3;1
5;20041;F;11;TULUÁ;40;-;NO DESERTOR;NO;0;NO DEFINIDO;NO;50,95;0;0;0;0
5;20121;M;4;TULUÁ;27;-;NO DESERTOR;NO;0;MAS DE 2 Y MENOS DE 4 SALARIOS MINIMOS;Si;49,56;1;6;5;1
5;20121;M;5;TULUÁ;29;-;NO DESERTOR;NO;0;NO DEFINIDO;Si;56,52;3;2;1;1
5;20121;M;4;TULUÁ;27;-;NO DESERTOR;NO;2;DOS SALARIOS MÍNIMOS O MENOS;Si;48,08;0;5;4;1
5;20121;M;4;TULUÁ;25;-;NO DESERTOR;NO;0;DOS SALARIOS MÍNIMOS O MENOS;Si;48,12;0;5;4;1
5;20121;M;1;TULUÁ;26;-;NO DESERTOR;NO;0;MAS DE 2 Y MENOS DE 4 SALARIOS MINIMOS;NO;54,26;1;4;4;0
5;20121;M;1;TULUÁ;25;-;NO DESERTOR;NO;2;MAS DE 4 Y MENOS DE 6 SALARIOS MINIMOS;NO;46,12;3;2;1;1
5;20121;M;5;GUADALAJARA DE BUGA;27;-;NO DESERTOR;NO;2;DOS SALARIOS MÍNIMOS O MENOS;NO;40,52;2;5;4;1
5;20091;M;11;SAN PEDRO;34;-;NO DESERTOR;NO;0;NO DEFINIDO;Si;50,95;0;1;0;1
5;20121;M;6;TULUÁ;27;-;NO DESERTOR;NO;0;DOS SALARIOS MÍNIMOS O MENOS;Si;40,44;3;2;1;1
5;20121;M;2;BUGALAGRANDE;24;-;NO DESERTOR;NO;0;MAS DE 2 Y MENOS DE 4 SALARIOS MINIMOS;NO;52,13;1;8;7;1
5;20121;M;1;TULUÁ;24;-;NO DESERTOR;NO;0;MAS DE 6 Y MENOS DE 8 SALARIOS MINIMOS;Si;52,73;0;5;4;1
5;20121;M;7;TULUÁ;28;-;NO DESERTOR;NO;0;NO DEFINIDO;Si;60,76;0;2;1;1
5;20121;M;6;TULUÁ;31;-;NO DESERTOR;NO;1;NO DEFINIDO;NO;48,73;1;3;1;2
5;20121;M;6;TULUÁ;30;-;NO DESERTOR;NO;0;NO DEFINIDO;Si;45,56;2;3;2;1
5;20121;M;8;ANDALUCÍA;28;-;NO DESERTOR;NO;0;NO DEFINIDO;Si;55,72;0;2;1;1
5;20121;M;7;GUADALAJARA DE BUGA;28;-;NO DESERTOR;NO;0;DOS SALARIOS MÍNIMOS O MENOS;Si;53,2;0;2;1;1
5;20121;M;6;TULUÁ;28;-;NO DESERTOR;NO;1;MAS DE 2 Y MENOS DE 4 SALARIOS MINIMOS;Si;49,84;0;4;2;2
5;20121;M;6;TULUÁ;27;-;NO DESERTOR;NO;0;MAS DE 6 Y MENOS DE 8 SALARIOS MINIMOS;Si;50,08;0;3;2;1
5;20121;M;5;TULUÁ;30;-;NO DESERTOR;NO;0;MAS DE 2 Y MENOS DE 4 SALARIOS MINIMOS;Si;52,2;0;6;5;1
5;20121;M;4;TULUÁ;25;-;NO DESERTOR;NO;1;MAS DE 2 Y MENOS DE 4 SALARIOS MINIMOS;NO;53,72;0;7;6;1
5;20121;M;3;TULUÁ;25;-;NO DESERTOR;NO;0;DOS SALARIOS MÍNIMOS O MENOS;Si;56,32;0;4;3;1
5;20121;M;2;GUADALAJARA DE BUGA;24;-;NO DESERTOR;NO;2;DOS SALARIOS MÍNIMOS O MENOS;NO;51,89;0;10;9;1
5;20121;M;1;TULUÁ;25;-;NO DESERTOR;NO;0;DOS SALARIOS MÍNIMOS O MENOS;NO;60,51;0;6;5;1
5;20121;M;1;TULUÁ;25;-;NO DESERTOR;NO;0;MAS DE 2 Y MENOS DE 4 SALARIOS MINIMOS;NO;49,86;1;6;6;0
5;20091;M;11;LA UNIÓN;31;-;NO DESERTOR;NO;0;NO DEFINIDO;Si;50,95;0;1;0;1
5;20051;M;8;BUGALAGRANDE;29;-;NO DESERTOR;NO;0;NO DEFINIDO;Si;49,33;0;2;1;1
5;20121;M;5;TULUÁ;28;-;NO DESERTOR;NO;0;DOS SALARIOS MÍNIMOS O MENOS;NO;43,56;2;2;1;1
5;20121;M;6;GUADALAJARA DE BUGA;28;-;NO DESERTOR;NO;0;DOS SALARIOS MÍNIMOS O MENOS;Si;53,45;0;2;1;1
5;20121;M;9;TULUÁ;33;-;NO DESERTOR;NO;0;NO DEFINIDO;Si;50,95;0;1;0;1
5;20121;M;3;ANDALUCÍA;25;-;NO DESERTOR;NO;0;MAS DE 2 Y MENOS DE 4 SALARIOS MINIMOS;Si;39,48;1;6;5;1
5;20121;M;1;TULUÁ;25;-;NO DESERTOR;NO;1;MAS DE 4 Y MENOS DE 6 SALARIOS MINIMOS;NO;52,08;1;4;3;1
5;20121;M;1;GUADALAJARA DE BUGA;29;-;NO DESERTOR;NO;3;MAS DE 6 Y MENOS DE 8 SALARIOS MINIMOS;Si;48,94;0;5;4;1
5;20121;M;3;TULUÁ;31;-;NO DESERTOR;NO;0;MAS DE 2 Y MENOS DE 4 SALARIOS MINIMOS;NO;43,2;0;5;4;1
5;20121;M;2;GUADALAJARA DE BUGA;25;-;NO DESERTOR;NO;4;MAS DE 4 Y MENOS DE 6 SALARIOS MINIMOS;NO;63,09;2;6;6;0
5;20121;M;9;TULUÁ;28;-;NO DESERTOR;NO;0;NO DEFINIDO;Si;50,95;0;1;0;1
5;20121;M;8;TULUÁ;29;-;NO DESERTOR;NO;2;MAS DE 2 Y MENOS DE 4 SALARIOS MINIMOS;Si;50,95;0;2;1;1
5;20121;M;7;BUGALAGRANDE;29;-;NO DESERTOR;NO;0;MAS DE 4 Y MENOS DE 6 SALARIOS MINIMOS;NO;46,48;1;2;1;1
5;20121;M;4;MEDELLÍN;28;-;NO DESERTOR;NO;0;MAS DE 2 Y MENOS DE 4 SALARIOS MINIMOS;NO;43,56;1;5;4;1
5;20121;M;2;TULUÁ;29;-;NO DESERTOR;NO;0;NO DEFINIDO;NO;50,95;0;1;0;1
5;20121;M;6;TULUÁ;28;-;NO DESERTOR;NO;1;DOS SALARIOS MÍNIMOS O MENOS;Si;41,8;0;3;2;1
5;20121;M;4;TULUÁ;28;INACTIVIDAD ACADEMICA;DESERTOR;NO;2;MAS DE 2 Y MENOS DE 4 SALARIOS MINIMOS;NO;43,68;1;5;4;1
5;20121;M;3;TULUÁ;25;-;NO DESERTOR;NO;0;MAS DE 2 Y MENOS DE 4 SALARIOS MINIMOS;Si;54,88;0;4;3;1
5;20121;F;7;TRUJILLO;28;-;NO DESERTOR;NO;0;NO DEFINIDO;NO;42,08;0;3;2;1
5;20121;F;5;TULUÁ;28;-;NO DESERTOR;NO;1;DOS SALARIOS MÍNIMOS O MENOS;NO;46,44;0;3;1;2
5;20121;F;5;TULUÁ;26;-;NO DESERTOR;NO;0;MAS DE 2 Y MENOS DE 4 SALARIOS MINIMOS;NO;51,32;0;6;5;1
5;20121;M;4;TULUÁ;27;-;NO DESERTOR;NO;0;MAS DE 2 Y MENOS DE 4 SALARIOS MINIMOS;Si;47,56;1;7;6;1
5;20091;M;9;LETICIA;33;-;NO DESERTOR;NO;0;NO DEFINIDO;Si;50,95;0;2;1;1
5;20091;M;11;TULUÁ;33;-;NO DESERTOR;NO;0;NO DEFINIDO;Si;50,95;0;1;0;1
5;20121;M;1;GUADALAJARA DE BUGA;24;-;NO DESERTOR;NO;0;MAS DE 2 Y MENOS DE 4 SALARIOS MINIMOS;Si;54,32;0;4;3;1
5;20121;M;7;ANDALUCÍA;38;-;NO DESERTOR;NO;0;NO DEFINIDO;Si;49,68;1;2;1;1
5;20121;F;3;TULUÁ;27;-;NO DESERTOR;NO;2;DOS SALARIOS MÍNIMOS O MENOS;Si;47,44;0;8;7;1
5;20121;M;4;GUADALAJARA DE BUGA;26;-;NO DESERTOR;NO;1;MAS DE 2 Y MENOS DE 4 SALARIOS MINIMOS;Si;50,4;0;4;3;1
5;20121;F;3;GINEBRA;27;-;NO DESERTOR;NO;0;DOS SALARIOS MÍNIMOS O MENOS;Si;51,48;1;5;4;1
5;20121;F;1;TULUÁ;24;-;NO DESERTOR;NO;3;DOS SALARIOS MÍNIMOS O MENOS;NO;47,81;0;5;4;1
5;20121;M;7;TULUÁ;31;-;NO DESERTOR;NO;0;NO DEFINIDO;NO;50,95;0;2;0;2
5;20121;M;2;TULUÁ;26;-;NO DESERTOR;NO;0;MAS DE 4 Y MENOS DE 6 SALARIOS MINIMOS;NO;43,11;1;7;6;1
5;20121;M;1;TULUÁ;26;-;NO DESERTOR;NO;0;DOS SALARIOS MÍNIMOS O MENOS;NO;49,78;1;5;4;1
5;20121;M;7;BUENAVENTURA;29;-;NO DESERTOR;NO;2;DOS SALARIOS MÍNIMOS O MENOS;Si;37,36;1;2;1;1
5;20121;M;5;TULUÁ;27;-;NO DESERTOR;NO;3;DOS SALARIOS MÍNIMOS O MENOS;Si;38,56;0;2;1;1
5;20121;F;9;TULUÁ;31;-;NO DESERTOR;NO;0;NO DEFINIDO;NO;50,95;0;1;0;1
5;20121;F;3;ROLDANILLO;30;-;NO DESERTOR;NO;1;MAS DE 4 Y MENOS DE 6 SALARIOS MINIMOS;NO;52,15;0;7;6;1
5;20121;F;8;TULUÁ;29;-;NO DESERTOR;NO;0;NO DEFINIDO;NO;49,48;1;2;1;1
5;20121;F;4;TULUÁ;26;-;NO DESERTOR;NO;2;MAS DE 2 Y MENOS DE 4 SALARIOS MINIMOS;NO;37,24;1;5;4;1
5;20121;F;8;BUENAVENTURA;27;-;NO DESERTOR;NO;2;NO DEFINIDO;Si;51,56;2;3;2;1
5;20121;F;1;TULUÁ;25;-;NO DESERTOR;NO;0;DOS SALARIOS MÍNIMOS O MENOS;NO;51,24;0;4;3;1
5;20121;F;7;ANDALUCÍA;26;-;NO DESERTOR;NO;0;MAS DE 2 Y MENOS DE 4 SALARIOS MINIMOS;Si;46,28;1;4;3;1
5;20121;F;1;TULUÁ;26;-;NO DESERTOR;NO;1;MAS DE 6 Y MENOS DE 8 SALARIOS MINIMOS;NO;40,03;1;4;3;1
5;20121;F;5;TULUÁ;29;-;NO DESERTOR;NO;0;DOS SALARIOS MÍNIMOS O MENOS;Si;46,76;1;3;2;1
5;20121;F;7;TULUÁ;29;-;NO DESERTOR;NO;1;MAS DE 4 Y MENOS DE 6 SALARIOS MINIMOS;Si;49,08;1;4;2;2
5;20121;F;3;GUADALAJARA DE BUGA;27;INACTIVIDAD ACADEMICA;DESERTOR;NO;0;MAS DE 2 Y MENOS DE 4 SALARIOS MINIMOS;NO;49,48;0;2;1;1
5;20121;F;4;TULUÁ;27;-;NO DESERTOR;NO;0;MAS DE 2 Y MENOS DE 4 SALARIOS MINIMOS;Si;41,16;1;6;5;1
5;20121;M;5;GUADALAJARA DE BUGA;36;-;NO DESERTOR;NO;0;MAS DE 4 Y MENOS DE 6 SALARIOS MINIMOS;Si;45,74;4;3;2;1
5;20121;M;1;TULUÁ;26;-;NO DESERTOR;NO;0;DOS SALARIOS MÍNIMOS O MENOS;Si;53,45;0;5;4;1
5;20121;F;9;GUADALAJARA DE BUGA;29;-;NO DESERTOR;NO;0;NO DEFINIDO;Si;51,92;0;1;0;1
5;20121;M;3;TULUÁ;28;-;NO DESERTOR;NO;0;DOS SALARIOS MÍNIMOS O MENOS;NO;48,64;0;5;4;1
5;20121;F;3;TULUÁ;28;-;NO DESERTOR;NO;2;DOS SALARIOS MÍNIMOS O MENOS;NO;42,36;0;7;6;1
5;20121;F;4;GUADALAJARA DE BUGA;27;INACTIVIDAD ACADEMICA;DESERTOR;NO;0;MAS DE 2 Y MENOS DE 4 SALARIOS MINIMOS;NO;45,4;2;2;1;1
5;20121;F;6;TULUÁ;33;-;NO DESERTOR;NO;0;NO DEFINIDO;NO;50,95;0;2;1;1
5;20121;F;4;TULUÁ;27;-;NO DESERTOR;NO;0;DOS SALARIOS MÍNIMOS O MENOS;Si;46,68;1;6;5;1
5;20121;F;3;TULUÁ;29;-;NO DESERTOR;NO;0;MAS DE 4 Y MENOS DE 6 SALARIOS MINIMOS;Si;57,15;0;6;5;1
5;20121;F;1;TULUÁ;27;-;NO DESERTOR;NO;1;MAS DE 2 Y MENOS DE 4 SALARIOS MINIMOS;NO;44,77;1;6;5;1
5;20121;F;3;TULUÁ;26;-;NO DESERTOR;NO;0;MAS DE 2 Y MENOS DE 4 SALARIOS MINIMOS;Si;45,84;0;6;5;1
5;20121;F;4;TULUÁ;29;-;NO DESERTOR;NO;0;MAS DE 2 Y MENOS DE 4 SALARIOS MINIMOS;Si;41,88;1;6;5;1
5;20121;F;2;GUADALAJARA DE BUGA;26;-;NO DESERTOR;NO;0;MAS DE 2 Y MENOS DE 4 SALARIOS MINIMOS;Si;53,73;0;5;4;1
5;20121;F;3;TULUÁ;25;-;NO DESERTOR;NO;0;DOS SALARIOS MÍNIMOS O MENOS;Si;52,64;0;4;3;1
5;20051;F;11;GUADALAJARA DE BUGA;36;-;NO DESERTOR;NO;0;NO DEFINIDO;NO;50,95;0;1;0;1
5;20121;F;5;TULUÁ;27;-;NO DESERTOR;NO;0;MAS DE 4 Y MENOS DE 6 SALARIOS MINIMOS;Si;53,32;0;8;7;1
5;20121;F;3;ANDALUCÍA;23;-;NO DESERTOR;NO;0;DOS SALARIOS MÍNIMOS O MENOS;NO;50,48;1;5;5;0
5;20121;F;3;TRUJILLO;25;-;NO DESERTOR;NO;0;DOS SALARIOS MÍNIMOS O MENOS;Si;51,24;0;7;6;1
5;20121;F;1;BUENAVENTURA;24;-;NO DESERTOR;NO;2;MAS DE 2 Y MENOS DE 4 SALARIOS MINIMOS;Si;56,97;0;7;6;1
5;20121;F;9;TULUÁ;32;-;NO DESERTOR;NO;0;NO DEFINIDO;Si;50,95;2;3;2;1
5;20121;M;3;TULUÁ;27;-;NO DESERTOR;NO;0;DOS SALARIOS MÍNIMOS O MENOS;NO;50,95;1;5;4;1
5;20121;M;4;TULUÁ;31;-;NO DESERTOR;NO;3;DOS SALARIOS MÍNIMOS O MENOS;Si;50,77;0;8;7;1
5;20121;M;6;TULUÁ;34;-;NO DESERTOR;NO;0;MAS DE 4 Y MENOS DE 6 SALARIOS MINIMOS;Si;47,51;0;2;1;1
5;20121;M;1;NEIVA;24;-;NO DESERTOR;NO;0;MAS DE 2 Y MENOS DE 4 SALARIOS MINIMOS;NO;57,09;0;3;2;1
5;20121;M;6;TULUÁ;30;-;NO DESERTOR;NO;0;MAS DE 4 Y MENOS DE 6 SALARIOS MINIMOS;Si;46,22;0;2;1;1
5;20121;M;5;TULUÁ;29;-;NO DESERTOR;NO;0;MAS DE 2 Y MENOS DE 4 SALARIOS MINIMOS;Si;39,92;3;2;1;1
5;20121;M;4;TULUÁ;26;-;NO DESERTOR;NO;0;MAS DE 2 Y MENOS DE 4 SALARIOS MINIMOS;Si;54,72;0;5;3;2
5;20091;M;9;TULUÁ;31;-;NO DESERTOR;NO;0;NO DEFINIDO;Si;49,35;0;3;1;2
5;20121;F;3;TULUÁ;27;-;NO DESERTOR;NO;0;DOS SALARIOS MÍNIMOS O MENOS;NO;47,28;1;2;1;1
5;20121;F;8;GUADALAJARA DE BUGA;27;-;NO DESERTOR;NO;0;MAS DE 8 SALARIOS MINIMOS;NO;45,44;0;2;1;1
5;20121;F;1;ANDALUCÍA;23;-;NO DESERTOR;NO;2;NO DEFINIDO;NO;54,89;0;5;4;1
5;20121;F;6;BUENAVENTURA;26;-;NO DESERTOR;NO;0;NO DEFINIDO;NO;49,48;2;2;1;1
5;20121;F;1;TULUÁ;24;-;NO DESERTOR;NO;0;MAS DE 2 Y MENOS DE 4 SALARIOS MINIMOS;NO;45,12;1;5;4;1
5;20121;M;2;TULUÁ;30;INACTIVIDAD ACADEMICA;DESERTOR;NO;2;MAS DE 6 Y MENOS DE 8 SALARIOS MINIMOS;NO;50,95;1;6;5;1
5;20121;F;3;BUGALAGRANDE;25;-;NO DESERTOR;NO;0;DOS SALARIOS MÍNIMOS O MENOS;NO;44,56;1;7;5;2
5;20121;F;3;TULUÁ;26;-;NO DESERTOR;NO;0;MAS DE 4 Y MENOS DE 6 SALARIOS MINIMOS;Si;53,08;0;5;4;1
5;20121;F;7;TULUÁ;29;-;NO DESERTOR;NO;0;NO DEFINIDO;Si;49,66;2;2;1;1
5;20121;F;6;GUADALAJARA DE BUGA;31;-;NO DESERTOR;NO;0;MAS DE 4 Y MENOS DE 6 SALARIOS MINIMOS;Si;50,95;1;5;4;1
5;20121;F;5;TULUÁ;28;-;NO DESERTOR;NO;2;MAS DE 2 Y MENOS DE 4 SALARIOS MINIMOS;Si;47,72;0;7;6;1
5;20121;F;4;TULUÁ;27;-;NO DESERTOR;NO;0;MAS DE 2 Y MENOS DE 4 SALARIOS MINIMOS;NO;38,96;1;4;3;1
5;20121;F;3;TULUÁ;26;-;NO DESERTOR;NO;0;MAS DE 2 Y MENOS DE 4 SALARIOS MINIMOS;Si;59,4;0;5;4;1
5;20121;F;2;GUADALAJARA DE BUGA;26;-;NO DESERTOR;NO;0;MAS DE 6 Y MENOS DE 8 SALARIOS MINIMOS;Si;53,01;0;9;8;1
5;20121;F;3;TULUÁ;26;-;NO DESERTOR;NO;0;DOS SALARIOS MÍNIMOS O MENOS;Si;55,76;0;7;6;1
5;20121;F;6;TULUÁ;27;-;NO DESERTOR;NO;0;MAS DE 2 Y MENOS DE 4 SALARIOS MINIMOS;NO;37,6;2;3;1;2
5;20121;F;3;TULUÁ;28;-;NO DESERTOR;NO;0;DOS SALARIOS MÍNIMOS O MENOS;NO;37,8;0;7;6;1
5;20121;F;2;TULUÁ;27;-;NO DESERTOR;NO;0;MAS DE 2 Y MENOS DE 4 SALARIOS MINIMOS;NO;43,32;1;3;2;1
5;20121;F;4;GUADALAJARA DE BUGA;27;-;NO DESERTOR;NO;0;DOS SALARIOS MÍNIMOS O MENOS;NO;54,8;0;7;6;1
5;20121;F;1;TULUÁ;25;-;NO DESERTOR;NO;0;DOS SALARIOS MÍNIMOS O MENOS;NO;62,51;1;2;1;1
5;20121;F;4;ANDALUCÍA;26;-;NO DESERTOR;NO;0;DOS SALARIOS MÍNIMOS O MENOS;NO;37,4;1;8;8;0
5;20121;M;3;RIOFRÍO;33;-;NO DESERTOR;SI;0;MAS DE 2 Y MENOS DE 4 SALARIOS MINIMOS;NO;47,76;1;6;5;1
5;20091;F;11;TULUÁ;30;-;NO DESERTOR;NO;0;NO DEFINIDO;Si;50,95;0;2;0;2
5;20121;M;6;GUADALAJARA DE BUGA;28;-;NO DESERTOR;NO;0;DOS SALARIOS MÍNIMOS O MENOS;Si;41,49;1;2;1;1
5;20121;M;5;TULUÁ;27;-;NO DESERTOR;NO;1;DOS SALARIOS MÍNIMOS O MENOS;Si;58,88;0;6;5;1
5;20121;M;4;TULUÁ;26;-;NO DESERTOR;NO;0;MAS DE 2 Y MENOS DE 4 SALARIOS MINIMOS;Si;40,32;0;5;4;1
5;20121;F;2;TULUÁ;29;-;NO DESERTOR;NO;0;NO DEFINIDO;Si;40;3;2;1;1
5;20121;F;8;TULUÁ;29;-;NO DESERTOR;NO;0;NO DEFINIDO;NO;52,32;0;4;3;1
5;20121;F;1;BUGALAGRANDE;25;-;NO DESERTOR;NO;0;DOS SALARIOS MÍNIMOS O MENOS;NO;51,09;0;5;4;1
5;20121;F;3;GUADALAJARA DE BUGA;25;-;NO DESERTOR;NO;0;DOS SALARIOS MÍNIMOS O MENOS;NO;43,04;0;5;5;0
5;20121;F;8;PALMIRA;27;-;NO DESERTOR;NO;0;MAS DE 4 Y MENOS DE 6 SALARIOS MINIMOS;Si;50,95;1;3;2;1
5;20121;F;6;ANDALUCÍA;31;-;NO DESERTOR;NO;0;DOS SALARIOS MÍNIMOS O MENOS;NO;41,76;0;2;1;1
5;20121;M;5;TULUÁ;36;-;NO DESERTOR;NO;0;NO DEFINIDO;Si;46,88;0;2;1;1
5;20121;F;8;ANDALUCÍA;29;-;NO DESERTOR;NO;0;NO DEFINIDO;NO;46,72;0;2;1;1
5;20121;F;5;FUNES;27;-;NO DESERTOR;NO;0;MAS DE 2 Y MENOS DE 4 SALARIOS MINIMOS;Si;56;0;6;5;1
5;20121;F;2;GUADALAJARA DE BUGA;25;-;NO DESERTOR;NO;0;DOS SALARIOS MÍNIMOS O MENOS;NO;48,97;0;9;8;1
5;20051;M;8;RIOFRÍO;42;-;NO DESERTOR;NO;0;NO DEFINIDO;NO;50,95;1;2;1;1
5;20121;M;8;TULUÁ;31;-;NO DESERTOR;NO;0;MAS DE 2 Y MENOS DE 4 SALARIOS MINIMOS;Si;47,27;0;2;1;1
5;20121;M;3;BUGALAGRANDE;28;-;NO DESERTOR;NO;0;MAS DE 2 Y MENOS DE 4 SALARIOS MINIMOS;NO;43,6;1;5;4;1
5;20121;M;5;BUENAVENTURA;29;-;NO DESERTOR;NO;0;NO DEFINIDO;Si;45,45;2;2;1;1
5;20121;M;6;TULUÁ;28;-;NO DESERTOR;NO;0;NO DEFINIDO;Si;56,83;1;2;1;1
5;20121;M;6;TULUÁ;27;-;NO DESERTOR;NO;0;MAS DE 2 Y MENOS DE 4 SALARIOS MINIMOS;Si;54,8;0;3;1;2
5;20121;M;6;BUENAVENTURA;26;-;NO DESERTOR;NO;0;DOS SALARIOS MÍNIMOS O MENOS;Si;43;1;2;1;1
5;20091;M;4;TULUÁ;35;-;NO DESERTOR;NO;0;NO DEFINIDO;Si;50,95;0;1;0;1
5;20121;M;7;BUENAVENTURA;27;-;NO DESERTOR;NO;0;MAS DE 2 Y MENOS DE 4 SALARIOS MINIMOS;NO;46,2;0;2;1;1
5;20121;M;1;NO DEFINIDO;25;-;NO DESERTOR;NO;2;MAS DE 4 Y MENOS DE 6 SALARIOS MINIMOS;NO;60,3;1;4;3;1
5;20121;F;9;TULUÁ;28;-;NO DESERTOR;NO;2;NO DEFINIDO;Si;51,13;0;3;2;1
5;20121;F;2;GUADALAJARA DE BUGA;27;-;NO DESERTOR;NO;3;DOS SALARIOS MÍNIMOS O MENOS;NO;50,95;2;8;7;1
5;20121;M;9;TULUÁ;28;-;NO DESERTOR;NO;0;NO DEFINIDO;NO;47,12;0;1;0;1
5;20121;M;5;TULUÁ;27;-;NO DESERTOR;NO;0;DOS SALARIOS MÍNIMOS O MENOS;NO;46,28;0;6;5;1
5;20121;M;1;GUADALAJARA DE BUGA;24;-;NO DESERTOR;NO;0;MAS DE 6 Y MENOS DE 8 SALARIOS MINIMOS;NO;55,22;0;5;4;1
5;20121;M;1;TULUÁ;24;INACTIVIDAD ACADEMICA;DESERTOR;NO;0;MAS DE 2 Y MENOS DE 4 SALARIOS MINIMOS;NO;54,96;2;8;7;1
5;20121;M;1;TULUÁ;25;-;NO DESERTOR;NO;0;MAS DE 2 Y MENOS DE 4 SALARIOS MINIMOS;NO;68,13;0;3;2;1
5;20121;M;3;TRUJILLO;27;-;NO DESERTOR;NO;0;DOS SALARIOS MÍNIMOS O MENOS;NO;51,68;0;5;4;1
5;20121;M;1;TULUÁ;25;-;NO DESERTOR;NO;0;MAS DE 2 Y MENOS DE 4 SALARIOS MINIMOS;NO;48,21;3;3;3;0
5;20121;M;1;TULUÁ;25;-;NO DESERTOR;NO;1;MAS DE 2 Y MENOS DE 4 SALARIOS MINIMOS;NO;45,91;1;4;4;0
5;20121;M;3;TULUÁ;28;-;NO DESERTOR;NO;0;MAS DE 2 Y MENOS DE 4 SALARIOS MINIMOS;NO;40;0;4;3;1
5;20121;M;2;GUADALAJARA DE BUGA;27;INACTIVIDAD ACADEMICA;DESERTOR;NO;1;MAS DE 2 Y MENOS DE 4 SALARIOS MINIMOS;NO;48,8;1;5;5;0
5;20121;M;3;TULUÁ;27;-;NO DESERTOR;NO;1;DOS SALARIOS MÍNIMOS O MENOS;Si;57,72;0;8;7;1
5;20121;F;3;BUGALAGRANDE;25;-;NO DESERTOR;NO;1;MAS DE 2 Y MENOS DE 4 SALARIOS MINIMOS;Si;49,84;0;5;4;1
5;20121;F;1;TULUÁ;25;INACTIVIDAD ACADEMICA;DESERTOR;NO;0;NO DEFINIDO;NO;54,84;1;4;3;1
5;20121;M;9;TULUÁ;30;-;NO DESERTOR;NO;0;NO DEFINIDO;NO;50,95;0;1;0;1
5;20121;M;8;TULUÁ;28;-;NO DESERTOR;NO;2;MAS DE 2 Y MENOS DE 4 SALARIOS MINIMOS;NO;61,4;0;2;1;1
5;20121;M;6;TULUÁ;28;-;NO DESERTOR;SI;1;MAS DE 2 Y MENOS DE 4 SALARIOS MINIMOS;NO;47,28;1;2;1;1
5;20121;M;1;TULUÁ;25;-;NO DESERTOR;NO;0;MAS DE 4 Y MENOS DE 6 SALARIOS MINIMOS;NO;51,79;1;3;3;0
5;20121;M;1;ANDALUCÍA;27;-;NO DESERTOR;NO;0;MAS DE 2 Y MENOS DE 4 SALARIOS MINIMOS;NO;43,34;1;4;3;1
5;20121;M;5;TULUÁ;26;-;NO DESERTOR;NO;0;MAS DE 2 Y MENOS DE 4 SALARIOS MINIMOS;Si;49,68;1;6;5;1
5;20121;F;5;BUENAVENTURA;26;-;NO DESERTOR;SI;3;DOS SALARIOS MÍNIMOS O MENOS;Si;45,96;2;5;4;1
5;20121;F;4;BUENAVENTURA;25;-;NO DESERTOR;NO;0;DOS SALARIOS MÍNIMOS O MENOS;NO;40,56;1;8;7;1
5;20121;F;1;TRUJILLO;30;-;NO DESERTOR;NO;3;MAS DE 4 Y MENOS DE 6 SALARIOS MINIMOS;NO;48,45;1;4;3;1
5;20121;F;5;TULUÁ;28;-;NO DESERTOR;NO;0;MAS DE 2 Y MENOS DE 4 SALARIOS MINIMOS;NO;45;0;2;1;1
5;20121;M;1;TULUÁ;26;-;NO DESERTOR;NO;0;MAS DE 6 Y MENOS DE 8 SALARIOS MINIMOS;NO;46,06;0;3;2;1
5;20121;F;7;ANDALUCÍA;27;-;NO DESERTOR;NO;0;DOS SALARIOS MÍNIMOS O MENOS;NO;43,12;1;2;1;1
5;20121;F;3;TULUÁ;26;-;NO DESERTOR;NO;0;MAS DE 2 Y MENOS DE 4 SALARIOS MINIMOS;NO;52,16;0;8;7;1
5;20121;F;1;BUGALAGRANDE;24;-;NO DESERTOR;NO;0;MAS DE 2 Y MENOS DE 4 SALARIOS MINIMOS;NO;56,3;0;4;3;1
5;20121;F;1;ZARZAL;24;-;NO DESERTOR;NO;2;DOS SALARIOS MÍNIMOS O MENOS;NO;47,5;0;3;3;0
5;20121;F;2;ANDALUCÍA;24;-;NO DESERTOR;NO;0;DOS SALARIOS MÍNIMOS O MENOS;NO;54,67;0;10;9;1
5;20121;M;2;TULUÁ;25;-;NO DESERTOR;NO;0;DOS SALARIOS MÍNIMOS O MENOS;NO;46,76;1;5;4;1
5;20121;M;5;BUENAVENTURA;31;-;NO DESERTOR;NO;5;NO DEFINIDO;NO;38,05;2;2;1;1
5;20121;M;1;BUGALAGRANDE;26;-;NO DESERTOR;NO;5;MAS DE 4 Y MENOS DE 6 SALARIOS MINIMOS;NO;44,33;1;3;3;0
5;20121;M;3;TULUÁ;27;-;NO DESERTOR;SI;0;MAS DE 2 Y MENOS DE 4 SALARIOS MINIMOS;NO;42,56;1;6;5;1
5;20121;F;5;TULUÁ;27;-;NO DESERTOR;NO;0;DOS SALARIOS MÍNIMOS O MENOS;Si;44,36;0;6;5;1
5;20121;M;6;GUADALAJARA DE BUGA;31;-;NO DESERTOR;NO;1;MAS DE 2 Y MENOS DE 4 SALARIOS MINIMOS;NO;43,03;0;2;1;1
5;20121;M;4;TULUÁ;26;-;NO DESERTOR;NO;0;MAS DE 2 Y MENOS DE 4 SALARIOS MINIMOS;Si;49,68;0;7;6;1
5;20121;F;2;TULUÁ;26;-;NO DESERTOR;NO;2;DOS SALARIOS MÍNIMOS O MENOS;NO;44,32;1;8;7;1
5;20121;M;3;TULUÁ;27;-;NO DESERTOR;NO;2;DOS SALARIOS MÍNIMOS O MENOS;NO;47,2;0;4;3;1
5;20121;F;6;ANDALUCÍA;31;-;NO DESERTOR;NO;0;DOS SALARIOS MÍNIMOS O MENOS;Si;50,68;0;2;1;1
5;20051;M;7;GUADALAJARA DE BUGA;30;-;NO DESERTOR;NO;1;NO DEFINIDO;NO;49,17;2;2;1;1
5;20121;F;6;GUADALAJARA DE BUGA;27;-;NO DESERTOR;NO;0;MAS DE 4 Y MENOS DE 6 SALARIOS MINIMOS;Si;44,64;0;4;3;1
4;20121;F;8;TRUJILLO;29;-;NO DESERTOR;NO;0;NO DEFINIDO;NO;41,77;0;3;1;2
4;20121;M;5;BARRAGAN;27;-;NO DESERTOR;NO;2;DOS SALARIOS MÍNIMOS O MENOS;NO;42,44;0;2;1;1
4;20121;F;4;TULUÁ;27;-;NO DESERTOR;NO;0;MAS DE 2 Y MENOS DE 4 SALARIOS MINIMOS;NO;52,6;0;5;4;1
4;20121;F;2;TULUÁ;26;-;NO DESERTOR;NO;0;MAS DE 2 Y MENOS DE 4 SALARIOS MINIMOS;NO;60,32;0;7;6;1
4;20091;F;9;TULUÁ;30;-;NO DESERTOR;NO;0;NO DEFINIDO;NO;50,95;0;1;0;1
4;20121;M;4;ANDALUCÍA;27;-;NO DESERTOR;NO;0;DOS SALARIOS MÍNIMOS O MENOS;NO;47,72;0;6;5;1
4;20121;F;2;TULUÁ;25;-;NO DESERTOR;NO;0;MAS DE 2 Y MENOS DE 4 SALARIOS MINIMOS;NO;50,4;1;6;5;1
4;20121;M;3;TULUÁ;27;-;NO DESERTOR;NO;0;MAS DE 4 Y MENOS DE 6 SALARIOS MINIMOS;Si;44,76;1;2;1;1
4;20121;M;3;TULUÁ;28;-;NO DESERTOR;NO;0;MAS DE 8 SALARIOS MINIMOS;Si;43,72;0;7;6;1
4;20121;F;6;TULUÁ;27;-;NO DESERTOR;NO;0;DOS SALARIOS MÍNIMOS O MENOS;Si;48,44;0;4;3;1
4;20091;M;6;GUADALAJARA DE BUGA;30;-;NO DESERTOR;NO;0;NO DEFINIDO;NO;50,95;2;2;1;1
4;20121;F;6;SAN PEDRO;26;-;NO DESERTOR;NO;0;MAS DE 2 Y MENOS DE 4 SALARIOS MINIMOS;NO;47,08;0;2;1;1
4;20121;F;2;TULUÁ;26;-;NO DESERTOR;NO;2;DOS SALARIOS MÍNIMOS O MENOS;NO;54,32;0;7;6;1
4;20121;F;3;TULUÁ;28;-;NO DESERTOR;NO;0;DOS SALARIOS MÍNIMOS O MENOS;NO;44,12;0;7;6;1
4;20121;M;2;GUADALAJARA DE BUGA;30;-;NO DESERTOR;NO;0;MAS DE 2 Y MENOS DE 4 SALARIOS MINIMOS;NO;46,07;1;7;6;1
4;20091;M;6;TULUÁ;31;-;NO DESERTOR;NO;0;NO DEFINIDO;Si;50,95;0;1;0;1
4;20121;M;1;TULUÁ;25;-;NO DESERTOR;NO;0;DOS SALARIOS MÍNIMOS O MENOS;NO;47,58;1;6;6;0
4;20121;M;1;ANDALUCÍA;26;-;NO DESERTOR;NO;1;DOS SALARIOS MÍNIMOS O MENOS;NO;48,15;1;5;5;0
4;20121;M;8;TULUÁ;28;-;NO DESERTOR;NO;0;NO DEFINIDO;Si;39,88;0;3;2;1
4;20121;M;5;SAN PEDRO;30;-;NO DESERTOR;NO;2;MAS DE 2 Y MENOS DE 4 SALARIOS MINIMOS;NO;48,14;0;3;2;1
4;20121;M;3;TULUÁ;28;-;NO DESERTOR;NO;0;MAS DE 4 Y MENOS DE 6 SALARIOS MINIMOS;Si;48,44;1;5;4;1
4;20121;F;2;ANSERMA;26;-;NO DESERTOR;NO;0;MAS DE 2 Y MENOS DE 4 SALARIOS MINIMOS;NO;47,44;0;2;1;1
4;20121;F;1;TULUÁ;25;-;NO DESERTOR;NO;0;MAS DE 2 Y MENOS DE 4 SALARIOS MINIMOS;Si;55,08;0;6;5;1
4;20121;F;1;TULUÁ;27;-;NO DESERTOR;NO;0;MAS DE 2 Y MENOS DE 4 SALARIOS MINIMOS;NO;50,78;0;7;6;1
4;20121;F;3;TULUÁ;26;-;NO DESERTOR;NO;0;MAS DE 4 Y MENOS DE 6 SALARIOS MINIMOS;Si;48,4;0;4;3;1
4;20121;M;3;TULUÁ;30;-;NO DESERTOR;NO;0;NO DEFINIDO;NO;43,21;1;3;1;2
4;20121;M;8;TULUÁ;28;-;NO DESERTOR;NO;1;NO DEFINIDO;Si;50,95;0;1;0;1
4;20121;M;4;TULUÁ;26;-;NO DESERTOR;NO;0;MAS DE 4 Y MENOS DE 6 SALARIOS MINIMOS;Si;54,6;0;7;6;1
4;20121;M;4;TULUÁ;30;-;NO DESERTOR;NO;0;DOS SALARIOS MÍNIMOS O MENOS;NO;44,44;1;2;1;1
4;20121;M;4;GUADALAJARA DE BUGA;27;-;NO DESERTOR;NO;0;MAS DE 2 Y MENOS DE 4 SALARIOS MINIMOS;Si;46,48;1;2;1;1
4;20121;M;3;TULUÁ;37;-;NO DESERTOR;SI;0;DOS SALARIOS MÍNIMOS O MENOS;NO;42,48;0;7;6;1
4;20091;M;8;SEVILLA;34;-;NO DESERTOR;NO;0;NO DEFINIDO;Si;50,95;0;2;1;1
4;20121;M;7;TULUÁ;30;-;NO DESERTOR;NO;0;MAS DE 2 Y MENOS DE 4 SALARIOS MINIMOS;Si;53,94;1;5;4;1
4;20121;M;2;TRUJILLO;26;-;NO DESERTOR;NO;0;MAS DE 2 Y MENOS DE 4 SALARIOS MINIMOS;Si;56,24;0;7;6;1
4;20121;M;3;BUGALAGRANDE;28;-;NO DESERTOR;NO;0;DOS SALARIOS MÍNIMOS O MENOS;NO;46;3;2;1;1
4;20121;M;1;TULUÁ;26;-;NO DESERTOR;NO;0;MAS DE 6 Y MENOS DE 8 SALARIOS MINIMOS;NO;50,32;0;8;7;1
4;20121;M;1;TULUÁ;28;-;NO DESERTOR;NO;0;DOS SALARIOS MÍNIMOS O MENOS;Si;49,26;0;9;8;1
4;20051;F;8;ANDALUCÍA;34;-;NO DESERTOR;NO;0;NO DEFINIDO;NO;50,95;0;1;0;1
4;20121;F;6;SEVILLA;28;-;NO DESERTOR;NO;0;NO DEFINIDO;NO;41,24;1;2;1;1
4;20121;F;4;ANDALUCÍA;25;-;NO DESERTOR;NO;0;MAS DE 2 Y MENOS DE 4 SALARIOS MINIMOS;NO;51,76;0;5;4;1
4;20121;F;3;TULUÁ;32;-;NO DESERTOR;NO;0;MAS DE 2 Y MENOS DE 4 SALARIOS MINIMOS;NO;42,17;1;5;4;1
4;20091;M;9;TULUÁ;40;-;NO DESERTOR;NO;0;NO DEFINIDO;Si;50,95;0;1;0;1
4;20091;M;8;TULUÁ;32;-;NO DESERTOR;NO;0;NO DEFINIDO;Si;50,95;0;1;0;1
4;20121;M;6;ANDALUCÍA;27;-;NO DESERTOR;NO;0;DOS SALARIOS MÍNIMOS O MENOS;Si;50,95;0;1;0;1
4;20121;M;2;TULUÁ;27;-;NO DESERTOR;NO;2;DOS SALARIOS MÍNIMOS O MENOS;NO;40,96;1;6;5;1
4;20121;M;4;TULUÁ;26;-;NO DESERTOR;NO;0;MAS DE 2 Y MENOS DE 4 SALARIOS MINIMOS;Si;42,12;0;7;5;2
4;20091;M;11;BUENAVENTURA;28;-;NO DESERTOR;NO;0;NO DEFINIDO;Si;50,95;0;1;0;1
4;20121;M;3;TULUÁ;26;-;NO DESERTOR;NO;0;DOS SALARIOS MÍNIMOS O MENOS;Si;54,56;0;7;6;1
4;20121;M;3;TULUÁ;30;-;NO DESERTOR;NO;0;MAS DE 4 Y MENOS DE 6 SALARIOS MINIMOS;Si;46,51;1;5;4;1
4;20121;M;1;TULUÁ;27;-;NO DESERTOR;NO;0;MAS DE 4 Y MENOS DE 6 SALARIOS MINIMOS;NO;53,55;1;6;6;0
4;20091;F;11;GUADALAJARA DE BUGA;29;-;NO DESERTOR;NO;0;NO DEFINIDO;NO;50,95;0;2;1;1
4;20121;F;7;TULUÁ;28;-;NO DESERTOR;NO;0;DOS SALARIOS MÍNIMOS O MENOS;NO;50,32;0;5;3;2
4;20121;F;3;TULUÁ;26;-;NO DESERTOR;NO;0;DOS SALARIOS MÍNIMOS O MENOS;NO;48,64;1;6;5;1
4;20121;F;2;TULUÁ;25;-;NO DESERTOR;NO;1;DOS SALARIOS MÍNIMOS O MENOS;NO;57,92;0;8;7;1
4;20121;F;1;TULUÁ;28;-;NO DESERTOR;NO;1;MAS DE 4 Y MENOS DE 6 SALARIOS MINIMOS;NO;46,16;0;7;6;1
4;20121;M;2;BUGALAGRANDE;27;-;NO DESERTOR;NO;0;DOS SALARIOS MÍNIMOS O MENOS;Si;50;1;6;5;1
4;20121;F;2;TULUÁ;25;-;NO DESERTOR;NO;0;MAS DE 2 Y MENOS DE 4 SALARIOS MINIMOS;Si;59,12;0;5;4;1
4;20121;M;6;CALI;27;-;NO DESERTOR;NO;2;MAS DE 2 Y MENOS DE 4 SALARIOS MINIMOS;Si;50,95;0;0;0;0
4;20121;F;7;TULUÁ;33;-;NO DESERTOR;NO;0;DOS SALARIOS MÍNIMOS O MENOS;Si;50,1;1;2;1;1
4;20121;M;2;TULUÁ;27;-;NO DESERTOR;NO;0;MAS DE 4 Y MENOS DE 6 SALARIOS MINIMOS;Si;54,16;0;7;6;1
4;20121;M;6;GUADALAJARA DE BUGA;27;-;NO DESERTOR;NO;0;DOS SALARIOS MÍNIMOS O MENOS;Si;47,56;1;2;1;1
4;20121;M;2;TULUÁ;26;-;NO DESERTOR;NO;1;MAS DE 4 Y MENOS DE 6 SALARIOS MINIMOS;NO;55,8;1;5;4;1
4;20121;M;5;TULUÁ;31;-;NO DESERTOR;NO;2;DOS SALARIOS MÍNIMOS O MENOS;Si;50,95;0;3;2;1
4;20121;M;5;GUADALAJARA DE BUGA;28;-;NO DESERTOR;NO;0;DOS SALARIOS MÍNIMOS O MENOS;Si;46,16;0;2;1;1
4;20121;F;5;TULUÁ;31;-;NO DESERTOR;NO;0;DOS SALARIOS MÍNIMOS O MENOS;Si;46,78;2;3;2;1
4;20121;F;6;TULUÁ;28;-;NO DESERTOR;NO;2;DOS SALARIOS MÍNIMOS O MENOS;Si;51,72;0;2;1;1
4;20051;F;9;GUADALAJARA DE BUGA;34;-;NO DESERTOR;NO;0;NO DEFINIDO;Si;50,95;0;2;1;1
4;20091;F;8;GUADALAJARA DE BUGA;29;-;NO DESERTOR;NO;0;NO DEFINIDO;Si;49,1;1;2;1;1
4;20121;F;2;TRUJILLO;28;-;NO DESERTOR;NO;0;DOS SALARIOS MÍNIMOS O MENOS;Si;49,24;0;7;6;1
4;20121;F;3;YOTOCO;34;-;NO DESERTOR;SI;1;DOS SALARIOS MÍNIMOS O MENOS;NO;38,91;2;2;1;1
4;20121;F;2;TULUÁ;25;-;NO DESERTOR;NO;0;MAS DE 2 Y MENOS DE 4 SALARIOS MINIMOS;Si;60,28;0;4;3;1
4;20121;F;6;TULUÁ;28;-;NO DESERTOR;NO;0;DOS SALARIOS MÍNIMOS O MENOS;Si;48,68;0;4;2;2
4;20121;F;1;TULUÁ;28;-;NO DESERTOR;NO;0;MAS DE 2 Y MENOS DE 4 SALARIOS MINIMOS;NO;45,41;1;8;8;0
4;20121;M;4;LA UNIÓN;29;-;NO DESERTOR;NO;0;MAS DE 4 Y MENOS DE 6 SALARIOS MINIMOS;NO;39,92;1;2;1;1
4;20121;M;4;TULUÁ;30;-;NO DESERTOR;NO;0;MAS DE 4 Y MENOS DE 6 SALARIOS MINIMOS;NO;45,69;1;2;1;1
4;20121;M;2;TULUÁ;30;-;NO DESERTOR;NO;0;NO DEFINIDO;NO;44,1;3;2;1;1
4;20121;M;4;AIPE;31;-;NO DESERTOR;NO;0;DOS SALARIOS MÍNIMOS O MENOS;Si;49,26;0;2;1;1
4;20121;M;6;BUENAVENTURA;30;-;NO DESERTOR;NO;0;DOS SALARIOS MÍNIMOS O MENOS;NO;50,95;2;2;1;1
4;20121;F;8;TULUÁ;35;-;NO DESERTOR;NO;0;NO DEFINIDO;NO;50,95;0;1;0;1
4;20121;F;5;SEVILLA;29;INACTIVIDAD ACADEMICA;DESERTOR;NO;0;NO DEFINIDO;NO;41,44;0;2;1;1
4;20121;M;3;TULUÁ;26;-;NO DESERTOR;NO;0;DOS SALARIOS MÍNIMOS O MENOS;NO;42,32;1;8;7;1
4;20121;M;2;TULUÁ;26;-;NO DESERTOR;NO;1;MAS DE 2 Y MENOS DE 4 SALARIOS MINIMOS;NO;50,84;0;6;5;1
4;20091;M;11;TULUÁ;30;-;NO DESERTOR;NO;0;NO DEFINIDO;NO;50,95;0;1;0;1
4;20121;M;7;TULUÁ;28;-;NO DESERTOR;NO;0;NO DEFINIDO;Si;65,17;0;3;2;1
4;20121;M;4;TULUÁ;30;-;NO DESERTOR;NO;0;MAS DE 2 Y MENOS DE 4 SALARIOS MINIMOS;NO;42,08;1;2;1;1
4;20121;M;1;TULUÁ;24;-;NO DESERTOR;NO;0;DOS SALARIOS MÍNIMOS O MENOS;NO;51,29;0;7;6;1
4;20091;M;6;TULUÁ;29;-;NO DESERTOR;NO;1;NO DEFINIDO;Si;50,95;0;1;0;1
4;20091;M;4;TULUÁ;29;-;NO DESERTOR;NO;0;NO DEFINIDO;Si;48,16;3;1;1;0
4;20121;F;6;YOTOCO;28;-;NO DESERTOR;NO;2;NO DEFINIDO;Si;50,95;2;2;1;1
4;20121;M;4;TULUÁ;38;-;NO DESERTOR;NO;0;MAS DE 2 Y MENOS DE 4 SALARIOS MINIMOS;NO;50,6;0;5;4;1
4;20121;F;5;TULUÁ;28;-;NO DESERTOR;NO;2;MAS DE 4 Y MENOS DE 6 SALARIOS MINIMOS;Si;43,2;0;2;1;1
4;20051;M;10;TULUÁ;35;-;NO DESERTOR;NO;0;NO DEFINIDO;Si;50,95;0;1;0;1
4;20121;M;2;TULUÁ;28;-;NO DESERTOR;NO;2;DOS SALARIOS MÍNIMOS O MENOS;NO;50,4;0;4;3;1
4;20121;M;4;TULUÁ;28;-;NO DESERTOR;NO;0;DOS SALARIOS MÍNIMOS O MENOS;NO;56,8;1;6;5;1
4;20121;M;6;TULUÁ;28;-;NO DESERTOR;NO;1;NO DEFINIDO;Si;44,36;3;2;1;1
4;20121;M;2;TULUÁ;25;-;NO DESERTOR;NO;1;DOS SALARIOS MÍNIMOS O MENOS;Si;49,12;0;7;6;1
4;20121;M;4;TULUÁ;31;-;NO DESERTOR;NO;2;DOS SALARIOS MÍNIMOS O MENOS;NO;43,84;2;2;1;1
4;20091;F;9;TULUÁ;38;-;NO DESERTOR;SI;0;NO DEFINIDO;Si;50,95;0;1;0;1
4;20121;F;6;TULUÁ;29;-;NO DESERTOR;NO;0;MAS DE 2 Y MENOS DE 4 SALARIOS MINIMOS;NO;51,68;0;2;1;1
4;20121;F;3;BUGALAGRANDE;28;-;NO DESERTOR;NO;0;DOS SALARIOS MÍNIMOS O MENOS;NO;50,95;0;4;4;0
4;20121;M;5;TULUÁ;28;-;NO DESERTOR;NO;0;NO DEFINIDO;Si;50,95;0;1;0;1
4;20121;M;4;GUADALAJARA DE BUGA;29;-;NO DESERTOR;NO;1;DOS SALARIOS MÍNIMOS O MENOS;NO;66,44;0;2;1;1
4;20121;M;3;TULUÁ;31;-;NO DESERTOR;NO;0;MAS DE 2 Y MENOS DE 4 SALARIOS MINIMOS;Si;46,17;1;6;5;1
4;20121;M;5;BUENAVENTURA;29;-;NO DESERTOR;NO;0;DOS SALARIOS MÍNIMOS O MENOS;Si;46,44;0;2;1;1
4;20121;F;2;TULUÁ;27;-;NO DESERTOR;SI;0;DOS SALARIOS MÍNIMOS O MENOS;NO;48,4;0;7;6;1
4;20121;F;3;ROLDANILLO;26;-;NO DESERTOR;NO;0;MAS DE 4 Y MENOS DE 6 SALARIOS MINIMOS;NO;41,76;1;6;5;1
4;20051;F;9;TULUÁ;28;-;NO DESERTOR;NO;0;NO DEFINIDO;NO;58,81;0;3;2;1
4;20121;M;5;YOTOCO;28;-;NO DESERTOR;NO;0;DOS SALARIOS MÍNIMOS O MENOS;NO;53,84;0;2;1;1
4;20121;M;1;TULUÁ;29;-;NO DESERTOR;NO;0;DOS SALARIOS MÍNIMOS O MENOS;NO;49,58;0;7;6;1
4;20121;M;5;TULUÁ;28;-;NO DESERTOR;NO;2;DOS SALARIOS MÍNIMOS O MENOS;Si;41,48;0;2;1;1
4;20091;M;8;BUGALAGRANDE;28;-;NO DESERTOR;NO;1;NO DEFINIDO;Si;50,95;0;2;1;1
4;20121;M;4;ANDALUCÍA;27;-;NO DESERTOR;NO;1;DOS SALARIOS MÍNIMOS O MENOS;Si;50,28;1;2;1;1
4;20091;M;9;TULUÁ;31;-;NO DESERTOR;NO;0;NO DEFINIDO;Si;50,95;0;1;0;1
4;20121;M;3;TULUÁ;27;-;NO DESERTOR;NO;0;MAS DE 2 Y MENOS DE 4 SALARIOS MINIMOS;Si;49,56;1;6;5;1
4;20121;M;4;TULUÁ;29;-;NO DESERTOR;NO;0;NO DEFINIDO;Si;56,52;3;2;1;1
4;20121;M;3;TULUÁ;27;-;NO DESERTOR;NO;2;DOS SALARIOS MÍNIMOS O MENOS;Si;48,08;0;5;4;1
4;20091;M;9;TULUÁ;30;-;NO DESERTOR;NO;0;NO DEFINIDO;Si;50,95;0;1;0;1
4;20121;M;3;TULUÁ;25;-;NO DESERTOR;NO;0;DOS SALARIOS MÍNIMOS O MENOS;Si;48,12;0;5;4;1
4;20121;M;3;GUADALAJARA DE BUGA;27;-;NO DESERTOR;NO;2;DOS SALARIOS MÍNIMOS O MENOS;NO;40,52;2;5;4;1
4;20121;M;4;TULUÁ;27;-;NO DESERTOR;NO;0;DOS SALARIOS MÍNIMOS O MENOS;Si;40,44;3;2;1;1
4;20121;M;1;BUGALAGRANDE;24;-;NO DESERTOR;NO;0;MAS DE 2 Y MENOS DE 4 SALARIOS MINIMOS;NO;52,13;1;8;7;1
4;20121;M;6;TULUÁ;28;-;NO DESERTOR;NO;0;NO DEFINIDO;Si;60,76;0;2;1;1
4;20121;M;3;TULUÁ;31;-;NO DESERTOR;NO;1;NO DEFINIDO;NO;48,73;1;3;1;2
4;20121;M;5;TULUÁ;30;-;NO DESERTOR;NO;0;NO DEFINIDO;Si;45,56;2;3;2;1
4;20121;M;7;ANDALUCÍA;28;-;NO DESERTOR;NO;0;NO DEFINIDO;Si;55,72;0;2;1;1
4;20121;M;6;GUADALAJARA DE BUGA;28;-;NO DESERTOR;NO;0;DOS SALARIOS MÍNIMOS O MENOS;Si;53,2;0;2;1;1
4;20121;M;5;TULUÁ;28;-;NO DESERTOR;NO;1;MAS DE 2 Y MENOS DE 4 SALARIOS MINIMOS;Si;49,84;0;4;2;2
4;20121;M;4;TULUÁ;27;-;NO DESERTOR;NO;0;MAS DE 6 Y MENOS DE 8 SALARIOS MINIMOS;Si;50,08;0;3;2;1
4;20121;M;3;TULUÁ;26;INACTIVIDAD ACADEMICA;DESERTOR;NO;4;MAS DE 2 Y MENOS DE 4 SALARIOS MINIMOS;NO;53,72;1;7;6;1
4;20121;M;4;TULUÁ;30;-;NO DESERTOR;NO;0;MAS DE 2 Y MENOS DE 4 SALARIOS MINIMOS;Si;52,2;0;6;5;1
4;20121;M;2;TULUÁ;27;INACTIVIDAD ACADEMICA;DESERTOR;NO;0;MAS DE 4 Y MENOS DE 6 SALARIOS MINIMOS;NO;50,95;1;4;4;0
4;20121;M;3;TULUÁ;25;-;NO DESERTOR;NO;1;MAS DE 2 Y MENOS DE 4 SALARIOS MINIMOS;NO;53,72;0;7;6;1
4;20121;M;2;TULUÁ;25;-;NO DESERTOR;NO;0;DOS SALARIOS MÍNIMOS O MENOS;Si;56,32;0;4;3;1
4;20121;M;1;NO DEFINIDO;25;-;NO DESERTOR;NO;1;MAS DE 2 Y MENOS DE 4 SALARIOS MINIMOS;NO;56,36;1;6;6;0
4;20121;M;1;GUADALAJARA DE BUGA;24;-;NO DESERTOR;NO;2;DOS SALARIOS MÍNIMOS O MENOS;NO;51,89;0;10;9;1
4;20051;M;6;BUGALAGRANDE;29;-;NO DESERTOR;NO;0;NO DEFINIDO;Si;49,33;0;2;1;1
4;20121;M;4;TULUÁ;28;-;NO DESERTOR;NO;0;DOS SALARIOS MÍNIMOS O MENOS;NO;43,56;2;2;1;1
4;20121;M;5;GUADALAJARA DE BUGA;28;-;NO DESERTOR;NO;0;DOS SALARIOS MÍNIMOS O MENOS;Si;53,45;0;2;1;1
4;20121;M;8;TULUÁ;33;-;NO DESERTOR;NO;0;NO DEFINIDO;Si;50,95;0;1;0;1
4;20121;M;2;ANDALUCÍA;25;-;NO DESERTOR;NO;0;MAS DE 2 Y MENOS DE 4 SALARIOS MINIMOS;Si;39,48;1;6;5;1
4;20121;M;2;TULUÁ;31;-;NO DESERTOR;NO;0;MAS DE 2 Y MENOS DE 4 SALARIOS MINIMOS;NO;43,2;0;5;4;1
4;20121;M;1;GUADALAJARA DE BUGA;25;-;NO DESERTOR;NO;4;MAS DE 4 Y MENOS DE 6 SALARIOS MINIMOS;NO;63,09;2;6;6;0
4;20121;M;8;TULUÁ;28;-;NO DESERTOR;NO;0;NO DEFINIDO;Si;50,95;0;1;0;1
4;20121;M;7;TULUÁ;29;-;NO DESERTOR;NO;2;MAS DE 2 Y MENOS DE 4 SALARIOS MINIMOS;Si;50,95;0;2;1;1
4;20121;M;4;BUGALAGRANDE;29;-;NO DESERTOR;NO;0;MAS DE 4 Y MENOS DE 6 SALARIOS MINIMOS;NO;46,48;1;2;1;1
4;20121;M;3;MEDELLÍN;28;-;NO DESERTOR;NO;0;MAS DE 2 Y MENOS DE 4 SALARIOS MINIMOS;NO;43,56;1;5;4;1
4;20121;M;5;TULUÁ;28;-;NO DESERTOR;NO;1;DOS SALARIOS MÍNIMOS O MENOS;Si;41,8;0;3;2;1
4;20121;M;3;TULUÁ;28;-;NO DESERTOR;NO;2;MAS DE 2 Y MENOS DE 4 SALARIOS MINIMOS;NO;43,68;1;5;4;1
4;20121;M;2;TULUÁ;25;-;NO DESERTOR;NO;0;MAS DE 2 Y MENOS DE 4 SALARIOS MINIMOS;Si;54,88;0;4;3;1
4;20121;F;6;TRUJILLO;28;-;NO DESERTOR;NO;0;NO DEFINIDO;NO;42,08;0;3;2;1
4;20121;F;5;TULUÁ;28;-;NO DESERTOR;NO;1;DOS SALARIOS MÍNIMOS O MENOS;NO;46,44;0;3;1;2
4;20121;F;4;TULUÁ;26;-;NO DESERTOR;NO;0;MAS DE 2 Y MENOS DE 4 SALARIOS MINIMOS;NO;51,32;0;6;5;1
4;20121;M;3;TULUÁ;27;-;NO DESERTOR;NO;0;MAS DE 2 Y MENOS DE 4 SALARIOS MINIMOS;Si;47,56;1;7;6;1
4;20091;M;8;LETICIA;33;-;NO DESERTOR;NO;0;NO DEFINIDO;Si;50,95;0;2;1;1
4;20121;M;9;ANDALUCÍA;38;-;NO DESERTOR;NO;0;NO DEFINIDO;Si;49,68;1;2;1;1
4;20121;F;2;TULUÁ;27;-;NO DESERTOR;NO;2;DOS SALARIOS MÍNIMOS O MENOS;Si;47,44;0;8;7;1
4;20121;M;3;GUADALAJARA DE BUGA;26;-;NO DESERTOR;NO;1;MAS DE 2 Y MENOS DE 4 SALARIOS MINIMOS;Si;50,4;0;4;3;1
4;20121;F;2;GINEBRA;27;-;NO DESERTOR;NO;0;DOS SALARIOS MÍNIMOS O MENOS;Si;51,48;1;5;4;1
4;20121;M;6;TULUÁ;31;-;NO DESERTOR;NO;0;NO DEFINIDO;NO;50,95;0;2;0;2
4;20121;M;1;TULUÁ;26;-;NO DESERTOR;NO;0;MAS DE 4 Y MENOS DE 6 SALARIOS MINIMOS;NO;43,11;1;7;6;1
4;20121;M;6;BUENAVENTURA;29;-;NO DESERTOR;NO;2;DOS SALARIOS MÍNIMOS O MENOS;Si;37,36;1;2;1;1
4;20051;M;8;GUADALAJARA DE BUGA;28;-;NO DESERTOR;NO;0;NO DEFINIDO;Si;55,99;0;3;2;1
4;20121;M;4;TULUÁ;27;-;NO DESERTOR;NO;3;DOS SALARIOS MÍNIMOS O MENOS;Si;38,56;0;2;1;1
4;20121;F;7;TULUÁ;31;-;NO DESERTOR;NO;0;NO DEFINIDO;NO;50,95;0;1;0;1
4;20121;F;2;ROLDANILLO;30;-;NO DESERTOR;NO;1;MAS DE 4 Y MENOS DE 6 SALARIOS MINIMOS;NO;52,15;0;7;6;1
4;20121;F;6;TULUÁ;29;-;NO DESERTOR;NO;0;NO DEFINIDO;NO;49,48;1;2;1;1
4;20121;F;3;TULUÁ;26;-;NO DESERTOR;NO;2;MAS DE 2 Y MENOS DE 4 SALARIOS MINIMOS;NO;37,24;1;5;4;1
4;20121;F;7;BUENAVENTURA;27;-;NO DESERTOR;NO;2;NO DEFINIDO;Si;51,56;2;3;2;1
4;20121;F;6;ANDALUCÍA;26;-;NO DESERTOR;NO;0;MAS DE 2 Y MENOS DE 4 SALARIOS MINIMOS;Si;46,28;1;4;3;1
4;20121;F;4;TULUÁ;29;-;NO DESERTOR;NO;0;DOS SALARIOS MÍNIMOS O MENOS;Si;46,76;1;3;2;1
4;20121;F;6;TULUÁ;29;-;NO DESERTOR;NO;1;MAS DE 4 Y MENOS DE 6 SALARIOS MINIMOS;Si;49,08;1;4;2;2
4;20121;F;2;GUADALAJARA DE BUGA;27;-;NO DESERTOR;NO;0;MAS DE 2 Y MENOS DE 4 SALARIOS MINIMOS;NO;49,48;0;2;1;1
4;20091;F;9;GUACARÍ;29;-;NO DESERTOR;NO;0;NO DEFINIDO;Si;50,94;1;4;3;1
4;20121;F;3;TULUÁ;27;-;NO DESERTOR;NO;0;MAS DE 2 Y MENOS DE 4 SALARIOS MINIMOS;Si;41,16;1;6;5;1
4;20121;M;4;GUADALAJARA DE BUGA;36;-;NO DESERTOR;NO;0;MAS DE 4 Y MENOS DE 6 SALARIOS MINIMOS;Si;45,74;4;3;2;1
4;20091;F;9;TULUÁ;33;-;NO DESERTOR;NO;0;NO DEFINIDO;Si;50,95;1;1;1;0
4;20121;F;8;GUADALAJARA DE BUGA;29;-;NO DESERTOR;NO;0;NO DEFINIDO;Si;51,92;0;1;0;1
4;20121;M;2;TULUÁ;28;-;NO DESERTOR;NO;0;DOS SALARIOS MÍNIMOS O MENOS;NO;48,64;0;5;4;1
4;20121;F;3;TULUÁ;28;-;NO DESERTOR;NO;2;DOS SALARIOS MÍNIMOS O MENOS;NO;42,36;0;7;6;1
4;20121;F;4;GUADALAJARA DE BUGA;27;-;NO DESERTOR;NO;0;MAS DE 2 Y MENOS DE 4 SALARIOS MINIMOS;NO;45,4;2;2;1;1
4;20121;F;4;TULUÁ;33;-;NO DESERTOR;NO;0;NO DEFINIDO;NO;50,95;0;2;1;1
4;20121;F;3;TULUÁ;27;-;NO DESERTOR;NO;0;DOS SALARIOS MÍNIMOS O MENOS;Si;46,68;1;6;5;1
4;20121;F;2;TULUÁ;29;-;NO DESERTOR;NO;0;MAS DE 4 Y MENOS DE 6 SALARIOS MINIMOS;Si;57,15;0;6;5;1
4;20121;F;3;TULUÁ;26;-;NO DESERTOR;NO;0;MAS DE 2 Y MENOS DE 4 SALARIOS MINIMOS;Si;45,84;0;6;5;1
4;20121;F;3;TULUÁ;29;-;NO DESERTOR;NO;0;MAS DE 2 Y MENOS DE 4 SALARIOS MINIMOS;Si;41,88;1;6;5;1
4;20121;F;1;GUADALAJARA DE BUGA;26;-;NO DESERTOR;NO;0;MAS DE 2 Y MENOS DE 4 SALARIOS MINIMOS;Si;53,73;0;5;4;1
4;20121;F;2;TULUÁ;25;-;NO DESERTOR;NO;0;DOS SALARIOS MÍNIMOS O MENOS;Si;52,64;0;4;3;1
4;20051;F;11;GUADALAJARA DE BUGA;36;-;NO DESERTOR;NO;0;NO DEFINIDO;NO;50,95;0;1;0;1
4;20091;F;9;TULUÁ;32;-;NO DESERTOR;NO;0;NO DEFINIDO;NO;50,95;0;1;0;1
4;20091;F;9;TULUÁ;29;-;NO DESERTOR;NO;0;NO DEFINIDO;Si;50,95;0;1;0;1
4;20121;F;4;TULUÁ;27;-;NO DESERTOR;NO;0;MAS DE 4 Y MENOS DE 6 SALARIOS MINIMOS;Si;53,32;0;8;7;1
4;20121;F;2;ANDALUCÍA;23;-;NO DESERTOR;NO;0;DOS SALARIOS MÍNIMOS O MENOS;NO;50,48;1;5;5;0
4;20121;F;2;TRUJILLO;25;-;NO DESERTOR;NO;0;DOS SALARIOS MÍNIMOS O MENOS;Si;51,24;0;7;6;1
4;20121;F;8;TULUÁ;32;-;NO DESERTOR;NO;0;NO DEFINIDO;Si;50,95;2;3;2;1
4;20121;M;3;TULUÁ;27;-;NO DESERTOR;NO;0;DOS SALARIOS MÍNIMOS O MENOS;NO;50,95;1;5;4;1
4;20121;M;3;TULUÁ;31;-;NO DESERTOR;NO;3;DOS SALARIOS MÍNIMOS O MENOS;Si;50,77;0;8;7;1
4;20121;M;5;TULUÁ;34;-;NO DESERTOR;NO;0;MAS DE 4 Y MENOS DE 6 SALARIOS MINIMOS;Si;47,51;0;2;1;1
4;20121;M;2;BUGALAGRANDE;27;INACTIVIDAD ACADEMICA;DESERTOR;NO;0;DOS SALARIOS MÍNIMOS O MENOS;NO;39;1;4;4;0
4;20121;M;5;TULUÁ;30;-;NO DESERTOR;NO;0;MAS DE 4 Y MENOS DE 6 SALARIOS MINIMOS;Si;46,22;0;2;1;1
4;20121;M;3;TULUÁ;29;-;NO DESERTOR;NO;0;MAS DE 2 Y MENOS DE 4 SALARIOS MINIMOS;Si;39,92;3;2;1;1
4;20121;M;3;TULUÁ;26;-;NO DESERTOR;NO;0;MAS DE 2 Y MENOS DE 4 SALARIOS MINIMOS;Si;54,72;0;5;3;2
4;20091;M;11;ANDALUCÍA;29;-;NO DESERTOR;NO;0;NO DEFINIDO;Si;57,53;0;2;0;2
4;20091;M;8;TULUÁ;31;-;NO DESERTOR;NO;0;NO DEFINIDO;Si;49,35;0;3;1;2
4;20091;M;9;SALONICA - RIOFRÍO;31;-;NO DESERTOR;NO;0;NO DEFINIDO;Si;50,95;0;2;0;2
4;20121;F;2;TULUÁ;27;-;NO DESERTOR;NO;0;DOS SALARIOS MÍNIMOS O MENOS;NO;47,28;1;2;1;1
4;20121;F;7;GUADALAJARA DE BUGA;27;-;NO DESERTOR;NO;0;MAS DE 8 SALARIOS MINIMOS;NO;45,44;0;2;1;1
4;20121;F;5;BUENAVENTURA;26;-;NO DESERTOR;NO;0;NO DEFINIDO;NO;49,48;2;2;1;1
4;20121;M;2;TULUÁ;30;-;NO DESERTOR;NO;2;MAS DE 6 Y MENOS DE 8 SALARIOS MINIMOS;NO;50,95;1;6;5;1
4;20121;F;2;BUGALAGRANDE;25;-;NO DESERTOR;NO;0;DOS SALARIOS MÍNIMOS O MENOS;NO;44,56;1;7;5;2
4;20121;F;2;TULUÁ;26;-;NO DESERTOR;NO;0;MAS DE 4 Y MENOS DE 6 SALARIOS MINIMOS;Si;53,08;0;5;4;1
4;20121;F;6;TULUÁ;29;-;NO DESERTOR;NO;0;NO DEFINIDO;Si;49,66;2;2;1;1
4;20121;F;5;GUADALAJARA DE BUGA;31;-;NO DESERTOR;NO;0;MAS DE 4 Y MENOS DE 6 SALARIOS MINIMOS;Si;50,95;1;5;4;1
4;20121;F;4;TULUÁ;28;-;NO DESERTOR;NO;2;MAS DE 2 Y MENOS DE 4 SALARIOS MINIMOS;Si;47,72;0;7;6;1
4;20121;F;3;TULUÁ;27;-;NO DESERTOR;NO;0;MAS DE 2 Y MENOS DE 4 SALARIOS MINIMOS;NO;38,96;1;4;3;1
4;20121;F;2;TULUÁ;26;-;NO DESERTOR;NO;0;MAS DE 2 Y MENOS DE 4 SALARIOS MINIMOS;Si;59,4;0;5;4;1
4;20121;F;1;GUADALAJARA DE BUGA;26;-;NO DESERTOR;NO;0;MAS DE 6 Y MENOS DE 8 SALARIOS MINIMOS;Si;53,01;0;9;8;1
4;20121;F;2;TULUÁ;26;-;NO DESERTOR;NO;0;DOS SALARIOS MÍNIMOS O MENOS;Si;55,76;0;7;6;1
4;20121;F;4;TULUÁ;27;-;NO DESERTOR;NO;0;MAS DE 2 Y MENOS DE 4 SALARIOS MINIMOS;NO;37,6;2;3;1;2
4;20121;F;3;TULUÁ;28;-;NO DESERTOR;NO;0;DOS SALARIOS MÍNIMOS O MENOS;NO;37,8;0;7;6;1
4;20121;F;2;TULUÁ;27;-;NO DESERTOR;NO;0;MAS DE 2 Y MENOS DE 4 SALARIOS MINIMOS;NO;43,32;1;3;2;1
4;20121;F;3;GUADALAJARA DE BUGA;27;-;NO DESERTOR;NO;0;DOS SALARIOS MÍNIMOS O MENOS;NO;54,8;0;7;6;1
4;20121;F;3;ANDALUCÍA;26;-;NO DESERTOR;NO;0;DOS SALARIOS MÍNIMOS O MENOS;NO;37,4;1;8;8;0
4;20121;M;3;RIOFRÍO;33;-;NO DESERTOR;SI;0;MAS DE 2 Y MENOS DE 4 SALARIOS MINIMOS;NO;47,76;1;6;5;1
4;20121;M;5;GUADALAJARA DE BUGA;28;-;NO DESERTOR;NO;0;DOS SALARIOS MÍNIMOS O MENOS;Si;41,49;1;2;1;1
4;20121;M;4;TULUÁ;27;-;NO DESERTOR;NO;1;DOS SALARIOS MÍNIMOS O MENOS;Si;58,88;0;6;5;1
4;20121;M;3;TULUÁ;26;-;NO DESERTOR;NO;0;MAS DE 2 Y MENOS DE 4 SALARIOS MINIMOS;Si;40,32;0;5;4;1
4;20091;F;9;ANDALUCÍA;33;-;NO DESERTOR;NO;0;NO DEFINIDO;Si;50,95;0;1;0;1
4;20121;F;2;TULUÁ;29;-;NO DESERTOR;NO;0;NO DEFINIDO;Si;40;3;2;1;1
4;20121;F;7;TULUÁ;29;-;NO DESERTOR;NO;0;NO DEFINIDO;NO;52,32;0;4;3;1
4;20121;F;7;PALMIRA;27;-;NO DESERTOR;NO;0;MAS DE 4 Y MENOS DE 6 SALARIOS MINIMOS;Si;50,95;1;3;2;1
4;20121;F;5;ANDALUCÍA;31;-;NO DESERTOR;NO;0;DOS SALARIOS MÍNIMOS O MENOS;NO;41,76;0;2;1;1
4;20121;M;4;TULUÁ;36;-;NO DESERTOR;NO;0;NO DEFINIDO;Si;46,88;0;2;1;1
4;20121;F;7;ANDALUCÍA;29;-;NO DESERTOR;NO;0;NO DEFINIDO;NO;46,72;0;2;1;1
4;20121;F;4;FUNES;27;-;NO DESERTOR;NO;0;MAS DE 2 Y MENOS DE 4 SALARIOS MINIMOS;Si;56;0;6;5;1
4;20121;F;1;GUADALAJARA DE BUGA;25;-;NO DESERTOR;NO;0;DOS SALARIOS MÍNIMOS O MENOS;NO;48,97;0;9;8;1
4;20051;M;8;RIOFRÍO;42;-;NO DESERTOR;NO;0;NO DEFINIDO;NO;50,95;1;2;1;1
4;20121;M;7;TULUÁ;31;-;NO DESERTOR;NO;0;MAS DE 2 Y MENOS DE 4 SALARIOS MINIMOS;Si;47,27;0;2;1;1
4;20121;M;2;BUGALAGRANDE;28;-;NO DESERTOR;NO;0;MAS DE 2 Y MENOS DE 4 SALARIOS MINIMOS;NO;43,6;1;5;4;1
4;20121;M;5;BUENAVENTURA;29;-;NO DESERTOR;NO;0;NO DEFINIDO;Si;45,45;2;2;1;1
4;20121;M;5;TULUÁ;27;-;NO DESERTOR;NO;0;MAS DE 2 Y MENOS DE 4 SALARIOS MINIMOS;Si;54,8;0;3;1;2
4;20121;M;5;BUENAVENTURA;26;-;NO DESERTOR;NO;0;DOS SALARIOS MÍNIMOS O MENOS;Si;43;1;2;1;1
4;20121;M;6;BUENAVENTURA;27;-;NO DESERTOR;NO;0;MAS DE 2 Y MENOS DE 4 SALARIOS MINIMOS;NO;46,2;0;2;1;1
4;20121;F;7;TULUÁ;28;-;NO DESERTOR;NO;2;NO DEFINIDO;Si;51,13;0;3;2;1
4;20121;F;2;GUADALAJARA DE BUGA;27;-;NO DESERTOR;NO;3;DOS SALARIOS MÍNIMOS O MENOS;NO;50,95;2;8;7;1
4;20121;M;8;TULUÁ;28;-;NO DESERTOR;NO;0;NO DEFINIDO;NO;47,12;0;1;0;1
4;20121;M;4;TULUÁ;27;-;NO DESERTOR;NO;0;DOS SALARIOS MÍNIMOS O MENOS;NO;46,28;0;6;5;1
4;20121;M;3;TRUJILLO;27;-;NO DESERTOR;NO;0;DOS SALARIOS MÍNIMOS O MENOS;NO;51,68;0;5;4;1
4;20121;M;2;TULUÁ;28;-;NO DESERTOR;NO;0;MAS DE 2 Y MENOS DE 4 SALARIOS MINIMOS;NO;40;0;4;3;1
4;20121;M;2;GUADALAJARA DE BUGA;27;-;NO DESERTOR;NO;1;MAS DE 2 Y MENOS DE 4 SALARIOS MINIMOS;NO;48,8;1;5;5;0
4;20121;M;2;TULUÁ;27;-;NO DESERTOR;NO;1;DOS SALARIOS MÍNIMOS O MENOS;Si;57,72;0;8;7;1
4;20121;F;2;BUGALAGRANDE;25;-;NO DESERTOR;NO;1;MAS DE 2 Y MENOS DE 4 SALARIOS MINIMOS;Si;49,84;0;5;4;1
4;20121;M;8;TULUÁ;30;-;NO DESERTOR;NO;0;NO DEFINIDO;NO;50,95;0;1;0;1
4;20121;M;7;TULUÁ;28;-;NO DESERTOR;NO;2;MAS DE 2 Y MENOS DE 4 SALARIOS MINIMOS;NO;61,4;0;2;1;1
4;20121;M;5;TULUÁ;28;-;NO DESERTOR;SI;1;MAS DE 2 Y MENOS DE 4 SALARIOS MINIMOS;NO;47,28;1;2;1;1
4;20121;M;4;TULUÁ;26;-;NO DESERTOR;NO;0;MAS DE 2 Y MENOS DE 4 SALARIOS MINIMOS;Si;49,68;1;6;5;1
4;20121;F;4;BUENAVENTURA;26;-;NO DESERTOR;SI;3;DOS SALARIOS MÍNIMOS O MENOS;Si;45,96;2;5;4;1
4;20121;F;3;BUENAVENTURA;25;-;NO DESERTOR;NO;0;DOS SALARIOS MÍNIMOS O MENOS;NO;40,56;1;8;7;1
4;20121;F;4;TULUÁ;28;-;NO DESERTOR;NO;0;MAS DE 2 Y MENOS DE 4 SALARIOS MINIMOS;NO;45;0;2;1;1
4;20121;F;6;ANDALUCÍA;27;-;NO DESERTOR;NO;0;DOS SALARIOS MÍNIMOS O MENOS;NO;43,12;1;2;1;1
4;20121;F;2;TULUÁ;26;-;NO DESERTOR;NO;0;MAS DE 2 Y MENOS DE 4 SALARIOS MINIMOS;NO;52,16;0;8;7;1
4;20121;F;1;ANDALUCÍA;24;-;NO DESERTOR;NO;0;DOS SALARIOS MÍNIMOS O MENOS;NO;54,67;0;10;9;1
4;20121;M;2;TULUÁ;25;-;NO DESERTOR;NO;0;DOS SALARIOS MÍNIMOS O MENOS;NO;46,76;1;5;4;1
4;20121;M;4;BUENAVENTURA;31;-;NO DESERTOR;NO;5;NO DEFINIDO;NO;38,05;2;2;1;1
4;20121;M;2;TULUÁ;27;-;NO DESERTOR;SI;0;MAS DE 2 Y MENOS DE 4 SALARIOS MINIMOS;NO;42,56;1;6;5;1
4;20121;F;4;TULUÁ;27;-;NO DESERTOR;NO;0;DOS SALARIOS MÍNIMOS O MENOS;Si;44,36;0;6;5;1
4;20121;M;4;GUADALAJARA DE BUGA;31;-;NO DESERTOR;NO;1;MAS DE 2 Y MENOS DE 4 SALARIOS MINIMOS;NO;43,03;0;2;1;1
4;20121;M;3;TULUÁ;26;-;NO DESERTOR;NO;0;MAS DE 2 Y MENOS DE 4 SALARIOS MINIMOS;Si;49,68;0;7;6;1
4;20121;F;2;TULUÁ;26;-;NO DESERTOR;NO;2;DOS SALARIOS MÍNIMOS O MENOS;NO;44,32;1;8;7;1
4;20121;M;2;TULUÁ;27;-;NO DESERTOR;NO;2;DOS SALARIOS MÍNIMOS O MENOS;NO;47,2;0;4;3;1
4;20121;F;5;ANDALUCÍA;31;-;NO DESERTOR;NO;0;DOS SALARIOS MÍNIMOS O MENOS;Si;50,68;0;2;1;1
4;20051;M;6;GUADALAJARA DE BUGA;30;-;NO DESERTOR;NO;1;NO DEFINIDO;NO;49,17;2;2;1;1
4;20121;F;5;GUADALAJARA DE BUGA;27;-;NO DESERTOR;NO;0;MAS DE 4 Y MENOS DE 6 SALARIOS MINIMOS;Si;44,64;0;4;3;1
3;20121;F;7;TRUJILLO;29;-;NO DESERTOR;NO;0;NO DEFINIDO;NO;41,77;0;3;1;2
3;20091;M;11;TULUÁ;31;-;NO DESERTOR;NO;0;NO DEFINIDO;Si;50,95;0;2;0;2
3;20121;F;3;TULUÁ;27;-;NO DESERTOR;NO;0;MAS DE 2 Y MENOS DE 4 SALARIOS MINIMOS;NO;52,6;0;5;4;1
3;20121;F;1;TULUÁ;26;-;NO DESERTOR;NO;0;MAS DE 2 Y MENOS DE 4 SALARIOS MINIMOS;NO;60,32;0;7;6;1
3;20091;F;9;TULUÁ;30;-;NO DESERTOR;NO;0;NO DEFINIDO;NO;50,95;0;1;0;1
3;20121;M;3;ANDALUCÍA;27;-;NO DESERTOR;NO;0;DOS SALARIOS MÍNIMOS O MENOS;NO;47,72;0;6;5;1
3;20121;F;1;TULUÁ;25;-;NO DESERTOR;NO;0;MAS DE 2 Y MENOS DE 4 SALARIOS MINIMOS;NO;50,4;1;6;5;1
3;20121;M;3;TULUÁ;27;-;NO DESERTOR;NO;0;MAS DE 4 Y MENOS DE 6 SALARIOS MINIMOS;Si;44,76;1;2;1;1
3;20121;M;2;TULUÁ;28;-;NO DESERTOR;NO;0;MAS DE 8 SALARIOS MINIMOS;Si;43,72;0;7;6;1
3;20091;F;9;GUADALAJARA DE BUGA;34;INACTIVIDAD ACADEMICA;DESERTOR;NO;0;NO DEFINIDO;NO;50,95;1;4;2;2
3;20121;F;5;TULUÁ;27;-;NO DESERTOR;NO;0;DOS SALARIOS MÍNIMOS O MENOS;Si;48,44;0;4;3;1
3;20091;F;9;TULUÁ;31;-;NO DESERTOR;NO;0;NO DEFINIDO;Si;50,95;0;1;0;1
3;20091;M;5;GUADALAJARA DE BUGA;30;-;NO DESERTOR;NO;0;NO DEFINIDO;NO;50,95;2;2;1;1
3;20121;F;5;SAN PEDRO;26;-;NO DESERTOR;NO;0;MAS DE 2 Y MENOS DE 4 SALARIOS MINIMOS;NO;47,08;0;2;1;1
3;20121;F;1;TULUÁ;26;-;NO DESERTOR;NO;2;DOS SALARIOS MÍNIMOS O MENOS;NO;54,32;0;7;6;1
3;20121;F;2;TULUÁ;28;-;NO DESERTOR;NO;0;DOS SALARIOS MÍNIMOS O MENOS;NO;44,12;0;7;6;1
3;20121;M;2;GUADALAJARA DE BUGA;30;-;NO DESERTOR;NO;0;MAS DE 2 Y MENOS DE 4 SALARIOS MINIMOS;NO;46,07;1;7;6;1
3;20091;M;5;TULUÁ;31;-;NO DESERTOR;NO;0;NO DEFINIDO;Si;50,95;0;1;0;1
3;20121;M;3;TULUÁ;27;-;NO DESERTOR;NO;0;MAS DE 2 Y MENOS DE 4 SALARIOS MINIMOS;NO;46,08;2;3;2;1
3;20051;M;1;TRUJILLO;35;-;NO DESERTOR;NO;0;NO DEFINIDO;Si;50,95;0;1;0;1
3;20091;M;9;TULUÁ;31;-;NO DESERTOR;NO;0;NO DEFINIDO;Si;50,95;0;1;0;1
3;20121;M;7;TULUÁ;28;-;NO DESERTOR;NO;0;NO DEFINIDO;Si;39,88;0;3;2;1
3;20121;M;4;SAN PEDRO;30;-;NO DESERTOR;NO;2;MAS DE 2 Y MENOS DE 4 SALARIOS MINIMOS;NO;48,14;0;3;2;1
3;20121;M;2;TULUÁ;28;-;NO DESERTOR;NO;0;MAS DE 4 Y MENOS DE 6 SALARIOS MINIMOS;Si;48,44;1;5;4;1
3;20121;F;2;ANSERMA;26;-;NO DESERTOR;NO;0;MAS DE 2 Y MENOS DE 4 SALARIOS MINIMOS;NO;47,44;0;2;1;1
3;20121;F;2;TULUÁ;26;-;NO DESERTOR;NO;0;MAS DE 4 Y MENOS DE 6 SALARIOS MINIMOS;Si;48,4;0;4;3;1
3;20121;M;4;TULUÁ;30;-;NO DESERTOR;NO;0;NO DEFINIDO;NO;43,21;1;3;1;2
3;20121;M;7;TULUÁ;28;-;NO DESERTOR;NO;1;NO DEFINIDO;Si;50,95;0;1;0;1
3;20121;M;3;TULUÁ;26;-;NO DESERTOR;NO;0;MAS DE 4 Y MENOS DE 6 SALARIOS MINIMOS;Si;54,6;0;7;6;1
3;20121;M;3;TULUÁ;30;-;NO DESERTOR;NO;0;DOS SALARIOS MÍNIMOS O MENOS;NO;44,44;1;2;1;1
3;20121;M;4;GUADALAJARA DE BUGA;27;-;NO DESERTOR;NO;0;MAS DE 2 Y MENOS DE 4 SALARIOS MINIMOS;Si;46,48;1;2;1;1
3;20121;M;2;TULUÁ;37;-;NO DESERTOR;SI;0;DOS SALARIOS MÍNIMOS O MENOS;NO;42,48;0;7;6;1
3;20091;M;9;TULUÁ;40;-;NO DESERTOR;NO;0;NO DEFINIDO;Si;50,95;0;2;1;1
3;20091;M;7;SEVILLA;34;-;NO DESERTOR;NO;0;NO DEFINIDO;Si;50,95;0;2;1;1
3;20121;M;6;TULUÁ;30;-;NO DESERTOR;NO;0;MAS DE 2 Y MENOS DE 4 SALARIOS MINIMOS;Si;53,94;1;5;4;1
3;20121;M;1;TRUJILLO;26;-;NO DESERTOR;NO;0;MAS DE 2 Y MENOS DE 4 SALARIOS MINIMOS;Si;56,24;0;7;6;1
3;20121;M;2;BUGALAGRANDE;28;-;NO DESERTOR;NO;0;DOS SALARIOS MÍNIMOS O MENOS;NO;46;3;2;1;1
3;20051;F;8;ANDALUCÍA;34;-;NO DESERTOR;NO;0;NO DEFINIDO;NO;50,95;0;1;0;1
3;20121;F;5;SEVILLA;28;-;NO DESERTOR;NO;0;NO DEFINIDO;NO;41,24;1;2;1;1
3;20121;F;3;ANDALUCÍA;25;-;NO DESERTOR;NO;0;MAS DE 2 Y MENOS DE 4 SALARIOS MINIMOS;NO;51,76;0;5;4;1
3;20121;F;2;TULUÁ;32;-;NO DESERTOR;NO;0;MAS DE 2 Y MENOS DE 4 SALARIOS MINIMOS;NO;42,17;1;5;4;1
3;20121;M;1;TULUÁ;29;INACTIVIDAD ACADEMICA;DESERTOR;NO;0;MAS DE 6 Y MENOS DE 8 SALARIOS MINIMOS;NO;50,57;1;5;5;0
3;20091;M;4;TULUÁ;32;-;NO DESERTOR;NO;0;NO DEFINIDO;Si;50,95;0;1;0;1
3;20121;M;6;ANDALUCÍA;27;-;NO DESERTOR;NO;0;DOS SALARIOS MÍNIMOS O MENOS;Si;50,95;0;1;0;1
3;20121;M;2;TULUÁ;27;-;NO DESERTOR;NO;2;DOS SALARIOS MÍNIMOS O MENOS;NO;40,96;1;6;5;1
3;20121;M;3;TULUÁ;26;-;NO DESERTOR;NO;0;MAS DE 2 Y MENOS DE 4 SALARIOS MINIMOS;Si;42,12;0;7;5;2
3;20121;M;1;TULUÁ;26;-;NO DESERTOR;NO;2;DOS SALARIOS MÍNIMOS O MENOS;NO;44,12;4;4;4;0
3;20091;M;9;GUADALAJARA DE BUGA;33;-;NO DESERTOR;NO;0;NO DEFINIDO;Si;50,95;0;1;0;1
3;20091;M;9;BUENAVENTURA;28;-;NO DESERTOR;NO;0;NO DEFINIDO;Si;50,95;0;1;0;1
3;20121;M;2;TULUÁ;26;-;NO DESERTOR;NO;0;DOS SALARIOS MÍNIMOS O MENOS;Si;54,56;0;7;6;1
3;20121;M;1;TULUÁ;25;-;NO DESERTOR;NO;0;MAS DE 2 Y MENOS DE 4 SALARIOS MINIMOS;NO;48,04;1;4;4;0
3;20121;M;2;TULUÁ;30;-;NO DESERTOR;NO;0;MAS DE 4 Y MENOS DE 6 SALARIOS MINIMOS;Si;46,51;1;5;4;1
3;20091;F;9;GUADALAJARA DE BUGA;29;-;NO DESERTOR;NO;0;NO DEFINIDO;NO;50,95;0;2;1;1
3;20121;F;6;TULUÁ;28;-;NO DESERTOR;NO;0;DOS SALARIOS MÍNIMOS O MENOS;NO;50,32;0;5;3;2
3;20121;F;2;TULUÁ;26;-;NO DESERTOR;NO;0;DOS SALARIOS MÍNIMOS O MENOS;NO;48,64;1;6;5;1
3;20121;F;3;TULUÁ;27;INACTIVIDAD ACADEMICA;DESERTOR;NO;2;MAS DE 2 Y MENOS DE 4 SALARIOS MINIMOS;NO;50,95;0;6;5;1
3;20121;F;2;TULUÁ;27;INACTIVIDAD ACADEMICA;DESERTOR;NO;2;DOS SALARIOS MÍNIMOS O MENOS;NO;40,36;1;6;5;1
3;20121;F;1;TULUÁ;25;-;NO DESERTOR;NO;1;DOS SALARIOS MÍNIMOS O MENOS;NO;57,92;0;8;7;1
3;20121;M;2;BUGALAGRANDE;27;-;NO DESERTOR;NO;0;DOS SALARIOS MÍNIMOS O MENOS;Si;50;1;6;5;1
3;20121;F;1;TULUÁ;25;-;NO DESERTOR;NO;0;MAS DE 2 Y MENOS DE 4 SALARIOS MINIMOS;Si;59,12;0;5;4;1
3;20121;M;5;CALI;27;-;NO DESERTOR;NO;2;MAS DE 2 Y MENOS DE 4 SALARIOS MINIMOS;Si;50,95;0;0;0;0
3;20121;F;6;TULUÁ;33;-;NO DESERTOR;NO;0;DOS SALARIOS MÍNIMOS O MENOS;Si;50,1;1;2;1;1
3;20121;M;1;TULUÁ;27;-;NO DESERTOR;NO;0;MAS DE 4 Y MENOS DE 6 SALARIOS MINIMOS;Si;54,16;0;7;6;1
3;20121;M;5;GUADALAJARA DE BUGA;27;-;NO DESERTOR;NO;0;DOS SALARIOS MÍNIMOS O MENOS;Si;47,56;1;2;1;1
3;20121;M;2;TULUÁ;26;-;NO DESERTOR;NO;1;MAS DE 4 Y MENOS DE 6 SALARIOS MINIMOS;NO;55,8;1;5;4;1
3;20121;M;4;TULUÁ;31;-;NO DESERTOR;NO;2;DOS SALARIOS MÍNIMOS O MENOS;Si;50,95;0;3;2;1
3;20121;M;4;GUADALAJARA DE BUGA;28;-;NO DESERTOR;NO;0;DOS SALARIOS MÍNIMOS O MENOS;Si;46,16;0;2;1;1
3;20091;M;11;TULUÁ;31;-;NO DESERTOR;NO;0;NO DEFINIDO;Si;50,95;0;2;0;2
3;20091;M;9;TULUÁ;30;-;NO DESERTOR;NO;0;NO DEFINIDO;Si;50,95;1;2;1;1
3;20121;F;5;TULUÁ;28;-;NO DESERTOR;NO;2;DOS SALARIOS MÍNIMOS O MENOS;Si;51,72;0;2;1;1
3;20051;F;4;GUADALAJARA DE BUGA;34;-;NO DESERTOR;NO;0;NO DEFINIDO;Si;50,95;0;2;1;1
3;20091;F;7;GUADALAJARA DE BUGA;29;-;NO DESERTOR;NO;0;NO DEFINIDO;Si;49,1;1;2;1;1
3;20121;F;1;TRUJILLO;28;-;NO DESERTOR;NO;0;DOS SALARIOS MÍNIMOS O MENOS;Si;49,24;0;7;6;1
3;20121;F;2;YOTOCO;34;-;NO DESERTOR;SI;1;DOS SALARIOS MÍNIMOS O MENOS;NO;38,91;2;2;1;1
3;20121;F;1;TULUÁ;25;-;NO DESERTOR;NO;0;MAS DE 2 Y MENOS DE 4 SALARIOS MINIMOS;Si;60,28;0;4;3;1
3;20121;F;5;TULUÁ;28;-;NO DESERTOR;NO;0;DOS SALARIOS MÍNIMOS O MENOS;Si;48,68;0;4;2;2
3;20091;M;9;TULUÁ;30;-;NO DESERTOR;NO;0;NO DEFINIDO;Si;50,95;0;1;0;1
3;20121;M;3;LA UNIÓN;29;-;NO DESERTOR;NO;0;MAS DE 4 Y MENOS DE 6 SALARIOS MINIMOS;NO;39,92;1;2;1;1
3;20121;M;4;TULUÁ;30;-;NO DESERTOR;NO;0;MAS DE 4 Y MENOS DE 6 SALARIOS MINIMOS;NO;45,69;1;2;1;1
3;20121;M;3;TULUÁ;30;-;NO DESERTOR;NO;0;NO DEFINIDO;NO;44,1;3;2;1;1
3;20121;M;4;ANDALUCÍA;28;-;NO DESERTOR;NO;0;NO DEFINIDO;NO;52,6;1;2;1;1
3;20121;M;3;AIPE;31;-;NO DESERTOR;NO;0;DOS SALARIOS MÍNIMOS O MENOS;Si;49,26;0;2;1;1
3;20121;M;5;BUENAVENTURA;30;-;NO DESERTOR;NO;0;DOS SALARIOS MÍNIMOS O MENOS;NO;50,95;2;2;1;1
3;20091;F;9;TULUÁ;30;-;NO DESERTOR;NO;0;NO DEFINIDO;NO;50,95;0;3;1;2
3;20091;F;9;ZARZAL;30;-;NO DESERTOR;NO;0;NO DEFINIDO;NO;50,95;0;1;0;1
3;20051;F;10;TULUÁ;34;INACTIVIDAD ACADEMICA;DESERTOR;NO;0;NO DEFINIDO;NO;50,95;0;1;0;1
3;20121;F;7;TULUÁ;35;-;NO DESERTOR;NO;0;NO DEFINIDO;NO;50,95;0;1;0;1
3;20121;F;4;SEVILLA;29;-;NO DESERTOR;NO;0;NO DEFINIDO;NO;41,44;0;2;1;1
3;20091;F;9;TULUÁ;32;-;NO DESERTOR;NO;0;NO DEFINIDO;Si;50,95;0;1;0;1
3;20121;M;2;TULUÁ;26;-;NO DESERTOR;NO;0;DOS SALARIOS MÍNIMOS O MENOS;NO;42,32;1;8;7;1
3;20121;M;1;TULUÁ;26;-;NO DESERTOR;NO;1;MAS DE 2 Y MENOS DE 4 SALARIOS MINIMOS;NO;50,84;0;6;5;1
3;20091;M;9;TULUÁ;30;-;NO DESERTOR;NO;0;NO DEFINIDO;NO;50,95;0;1;0;1
3;20121;M;6;TULUÁ;28;-;NO DESERTOR;NO;0;NO DEFINIDO;Si;65,17;0;3;2;1
3;20121;M;3;TULUÁ;30;-;NO DESERTOR;NO;0;MAS DE 2 Y MENOS DE 4 SALARIOS MINIMOS;NO;42,08;1;2;1;1
3;20121;M;5;TULUÁ;29;-;NO DESERTOR;NO;0;NO DEFINIDO;NO;50,95;0;1;0;1
3;20091;M;5;TULUÁ;29;-;NO DESERTOR;NO;1;NO DEFINIDO;Si;50,95;0;1;0;1
3;20091;M;7;TULUÁ;29;-;NO DESERTOR;NO;0;NO DEFINIDO;Si;48,16;3;1;1;0
3;20121;F;7;YOTOCO;28;-;NO DESERTOR;NO;2;NO DEFINIDO;Si;50,95;2;2;1;1
3;20121;M;3;TULUÁ;38;-;NO DESERTOR;NO;0;MAS DE 2 Y MENOS DE 4 SALARIOS MINIMOS;NO;50,6;0;5;4;1
3;20121;F;4;TULUÁ;28;-;NO DESERTOR;NO;2;MAS DE 4 Y MENOS DE 6 SALARIOS MINIMOS;Si;43,2;0;2;1;1
3;20051;M;9;TULUÁ;35;-;NO DESERTOR;NO;0;NO DEFINIDO;Si;50,95;0;1;0;1
3;20121;M;1;TULUÁ;28;-;NO DESERTOR;NO;2;DOS SALARIOS MÍNIMOS O MENOS;NO;50,4;0;4;3;1
3;20121;M;3;TULUÁ;28;-;NO DESERTOR;NO;0;DOS SALARIOS MÍNIMOS O MENOS;NO;56,8;1;6;5;1
3;20121;M;5;TULUÁ;28;-;NO DESERTOR;NO;1;NO DEFINIDO;Si;44,36;3;2;1;1
3;20121;M;1;TULUÁ;25;-;NO DESERTOR;NO;1;DOS SALARIOS MÍNIMOS O MENOS;Si;49,12;0;7;6;1
3;20121;M;4;TULUÁ;31;-;NO DESERTOR;NO;2;DOS SALARIOS MÍNIMOS O MENOS;NO;43,84;2;2;1;1
3;20091;F;7;TULUÁ;38;-;NO DESERTOR;SI;0;NO DEFINIDO;Si;50,95;0;1;0;1
3;20121;F;5;TULUÁ;29;-;NO DESERTOR;NO;0;MAS DE 2 Y MENOS DE 4 SALARIOS MINIMOS;NO;51,68;0;2;1;1
3;20051;M;11;TULUÁ;35;-;NO DESERTOR;NO;0;NO DEFINIDO;Si;50,95;0;1;0;1
3;20121;M;5;TULUÁ;28;-;NO DESERTOR;NO;0;NO DEFINIDO;Si;50,95;0;1;0;1
3;20121;M;4;GUADALAJARA DE BUGA;29;-;NO DESERTOR;NO;1;DOS SALARIOS MÍNIMOS O MENOS;NO;66,44;0;2;1;1
3;20121;M;2;TULUÁ;31;-;NO DESERTOR;NO;0;MAS DE 2 Y MENOS DE 4 SALARIOS MINIMOS;Si;46,17;1;6;5;1
3;20121;M;3;TULUÁ;27;INACTIVIDAD ACADEMICA;DESERTOR;NO;0;DOS SALARIOS MÍNIMOS O MENOS;NO;42,76;1;6;6;0
3;20121;M;4;BUENAVENTURA;29;-;NO DESERTOR;NO;0;DOS SALARIOS MÍNIMOS O MENOS;Si;46,44;0;2;1;1
3;20091;M;9;GUADALAJARA DE BUGA;28;-;NO DESERTOR;NO;0;NO DEFINIDO;NO;50,95;0;1;0;1
3;20121;F;1;TULUÁ;27;-;NO DESERTOR;SI;0;DOS SALARIOS MÍNIMOS O MENOS;NO;48,4;0;7;6;1
3;20121;F;2;ROLDANILLO;26;-;NO DESERTOR;NO;0;MAS DE 4 Y MENOS DE 6 SALARIOS MINIMOS;NO;41,76;1;6;5;1
3;20051;F;8;TULUÁ;28;-;NO DESERTOR;NO;0;NO DEFINIDO;NO;58,81;0;3;2;1
3;20091;F;9;LA VICTORIA;30;-;NO DESERTOR;NO;0;NO DEFINIDO;Si;45,49;0;4;2;2
3;20121;M;3;TULUÁ;29;-;NO DESERTOR;NO;3;MAS DE 4 Y MENOS DE 6 SALARIOS MINIMOS;Si;39,36;0;8;6;2
3;20121;M;4;YOTOCO;28;-;NO DESERTOR;NO;0;DOS SALARIOS MÍNIMOS O MENOS;NO;53,84;0;2;1;1
3;20091;M;11;TULUÁ;31;-;NO DESERTOR;NO;0;NO DEFINIDO;Si;50,95;0;2;1;1
3;20121;M;1;TULUÁ;26;INACTIVIDAD ACADEMICA;DESERTOR;NO;0;DOS SALARIOS MÍNIMOS O MENOS;NO;50,95;1;5;5;0
3;20121;M;4;TULUÁ;28;-;NO DESERTOR;NO;2;DOS SALARIOS MÍNIMOS O MENOS;Si;41,48;0;2;1;1
3;20091;M;9;TULUÁ;33;-;NO DESERTOR;NO;0;NO DEFINIDO;NO;50,95;0;1;0;1
3;20091;M;7;BUGALAGRANDE;28;-;NO DESERTOR;NO;1;NO DEFINIDO;Si;50,95;0;2;1;1
3;20121;M;3;ANDALUCÍA;27;-;NO DESERTOR;NO;1;DOS SALARIOS MÍNIMOS O MENOS;Si;50,28;1;2;1;1
3;20121;M;2;GUADALAJARA DE BUGA;29;-;NO DESERTOR;SI;0;NO DEFINIDO;NO;46,92;1;3;3;0
3;20091;M;8;TULUÁ;31;-;NO DESERTOR;NO;0;NO DEFINIDO;Si;50,95;0;1;0;1
3;20121;M;2;TULUÁ;27;-;NO DESERTOR;NO;0;MAS DE 2 Y MENOS DE 4 SALARIOS MINIMOS;Si;49,56;1;6;5;1
3;20121;M;4;TULUÁ;29;-;NO DESERTOR;NO;0;NO DEFINIDO;Si;56,52;3;2;1;1
3;20121;M;2;TULUÁ;27;-;NO DESERTOR;NO;2;DOS SALARIOS MÍNIMOS O MENOS;Si;48,08;0;5;4;1
3;20091;M;8;TULUÁ;30;-;NO DESERTOR;NO;0;NO DEFINIDO;Si;50,95;0;1;0;1
3;20121;M;3;TULUÁ;25;-;NO DESERTOR;NO;0;DOS SALARIOS MÍNIMOS O MENOS;Si;48,12;0;5;4;1
3;20091;M;9;LA VICTORIA;32;-;NO DESERTOR;NO;0;NO DEFINIDO;Si;50,95;1;3;1;2
3;20121;M;3;GUADALAJARA DE BUGA;27;-;NO DESERTOR;NO;2;DOS SALARIOS MÍNIMOS O MENOS;NO;40,52;2;5;4;1
3;20091;M;11;SAN PEDRO;34;-;NO DESERTOR;NO;0;NO DEFINIDO;Si;50,95;0;1;0;1
3;20121;M;3;TULUÁ;27;-;NO DESERTOR;NO;0;DOS SALARIOS MÍNIMOS O MENOS;Si;40,44;3;2;1;1
3;20121;M;5;TULUÁ;28;-;NO DESERTOR;NO;0;NO DEFINIDO;Si;60,76;0;2;1;1
3;20121;M;5;TULUÁ;31;-;NO DESERTOR;NO;1;NO DEFINIDO;NO;48,73;1;3;1;2
3;20121;M;4;TULUÁ;30;-;NO DESERTOR;NO;0;NO DEFINIDO;Si;45,56;2;3;2;1
3;20121;M;6;ANDALUCÍA;28;-;NO DESERTOR;NO;0;NO DEFINIDO;Si;55,72;0;2;1;1
3;20121;M;5;GUADALAJARA DE BUGA;28;-;NO DESERTOR;NO;0;DOS SALARIOS MÍNIMOS O MENOS;Si;53,2;0;2;1;1
3;20121;M;4;TULUÁ;28;-;NO DESERTOR;NO;1;MAS DE 2 Y MENOS DE 4 SALARIOS MINIMOS;Si;49,84;0;4;2;2
3;20121;M;3;BUGALAGRANDE;30;INACTIVIDAD ACADEMICA;DESERTOR;SI;0;DOS SALARIOS MÍNIMOS O MENOS;NO;49,17;3;3;2;1
3;20121;M;4;TULUÁ;27;-;NO DESERTOR;NO;0;MAS DE 6 Y MENOS DE 8 SALARIOS MINIMOS;Si;50,08;0;3;2;1
3;20121;M;2;TULUÁ;26;-;NO DESERTOR;NO;4;MAS DE 2 Y MENOS DE 4 SALARIOS MINIMOS;NO;53,72;1;7;6;1
3;20121;M;3;TULUÁ;30;-;NO DESERTOR;NO;0;MAS DE 2 Y MENOS DE 4 SALARIOS MINIMOS;Si;52,2;0;6;5;1
3;20121;M;2;TULUÁ;25;-;NO DESERTOR;NO;1;MAS DE 2 Y MENOS DE 4 SALARIOS MINIMOS;NO;53,72;0;7;6;1
3;20121;M;1;TULUÁ;25;-;NO DESERTOR;NO;0;DOS SALARIOS MÍNIMOS O MENOS;Si;56,32;0;4;3;1
3;20121;M;1;NO DEFINIDO;25;-;NO DESERTOR;NO;1;MAS DE 2 Y MENOS DE 4 SALARIOS MINIMOS;NO;56,36;1;6;6;0
3;20091;M;9;LA UNIÓN;31;-;NO DESERTOR;NO;0;NO DEFINIDO;Si;50,95;0;1;0;1
3;20051;M;5;BUGALAGRANDE;29;-;NO DESERTOR;NO;0;NO DEFINIDO;Si;49,33;0;2;1;1
3;20121;M;3;TULUÁ;28;-;NO DESERTOR;NO;0;DOS SALARIOS MÍNIMOS O MENOS;NO;43,56;2;2;1;1
3;20121;M;4;GUADALAJARA DE BUGA;28;-;NO DESERTOR;NO;0;DOS SALARIOS MÍNIMOS O MENOS;Si;53,45;0;2;1;1
3;20121;M;8;TULUÁ;33;-;NO DESERTOR;NO;0;NO DEFINIDO;Si;50,95;0;1;0;1
3;20121;M;2;ANDALUCÍA;25;-;NO DESERTOR;NO;0;MAS DE 2 Y MENOS DE 4 SALARIOS MINIMOS;Si;39,48;1;6;5;1
3;20121;M;1;TULUÁ;31;-;NO DESERTOR;NO;0;MAS DE 2 Y MENOS DE 4 SALARIOS MINIMOS;NO;43,2;0;5;4;1
3;20121;M;7;TULUÁ;28;-;NO DESERTOR;NO;0;NO DEFINIDO;Si;50,95;0;1;0;1
3;20121;M;6;TULUÁ;29;-;NO DESERTOR;NO;2;MAS DE 2 Y MENOS DE 4 SALARIOS MINIMOS;Si;50,95;0;2;1;1
3;20121;M;4;BUGALAGRANDE;29;-;NO DESERTOR;NO;0;MAS DE 4 Y MENOS DE 6 SALARIOS MINIMOS;NO;46,48;1;2;1;1
3;20121;M;2;MEDELLÍN;28;-;NO DESERTOR;NO;0;MAS DE 2 Y MENOS DE 4 SALARIOS MINIMOS;NO;43,56;1;5;4;1
3;20121;M;4;TULUÁ;28;-;NO DESERTOR;NO;1;DOS SALARIOS MÍNIMOS O MENOS;Si;41,8;0;3;2;1
3;20121;M;2;TULUÁ;28;-;NO DESERTOR;NO;2;MAS DE 2 Y MENOS DE 4 SALARIOS MINIMOS;NO;43,68;1;5;4;1
3;20121;M;1;TULUÁ;25;-;NO DESERTOR;NO;0;MAS DE 2 Y MENOS DE 4 SALARIOS MINIMOS;Si;54,88;0;4;3;1
3;20091;F;9;TULUÁ;29;-;NO DESERTOR;NO;0;NO DEFINIDO;NO;50,95;0;4;3;1
3;20121;F;8;TRUJILLO;28;-;NO DESERTOR;NO;0;NO DEFINIDO;NO;42,08;0;3;2;1
3;20121;F;4;TULUÁ;28;-;NO DESERTOR;NO;1;DOS SALARIOS MÍNIMOS O MENOS;NO;46,44;0;3;1;2
3;20121;F;3;TULUÁ;26;-;NO DESERTOR;NO;0;MAS DE 2 Y MENOS DE 4 SALARIOS MINIMOS;NO;51,32;0;6;5;1
3;20121;M;2;TULUÁ;27;-;NO DESERTOR;NO;0;MAS DE 2 Y MENOS DE 4 SALARIOS MINIMOS;Si;47,56;1;7;6;1
3;20091;M;7;LETICIA;33;-;NO DESERTOR;NO;0;NO DEFINIDO;Si;50,95;0;2;1;1
3;20091;M;9;TULUÁ;31;-;NO DESERTOR;NO;0;NO DEFINIDO;Si;50,95;0;1;0;1
3;20121;M;8;ANDALUCÍA;38;-;NO DESERTOR;NO;0;NO DEFINIDO;Si;49,68;1;2;1;1
3;20121;F;1;TULUÁ;27;-;NO DESERTOR;NO;2;DOS SALARIOS MÍNIMOS O MENOS;Si;47,44;0;8;7;1
3;20121;M;2;GUADALAJARA DE BUGA;26;-;NO DESERTOR;NO;1;MAS DE 2 Y MENOS DE 4 SALARIOS MINIMOS;Si;50,4;0;4;3;1
3;20121;F;2;GINEBRA;27;-;NO DESERTOR;NO;0;DOS SALARIOS MÍNIMOS O MENOS;Si;51,48;1;5;4;1
3;20091;F;9;GUADALAJARA DE BUGA;30;-;NO DESERTOR;NO;0;NO DEFINIDO;Si;50,95;0;2;0;2
3;20121;M;5;TULUÁ;31;-;NO DESERTOR;NO;0;NO DEFINIDO;NO;50,95;0;2;0;2
3;20121;M;5;BUENAVENTURA;29;-;NO DESERTOR;NO;2;DOS SALARIOS MÍNIMOS O MENOS;Si;37,36;1;2;1;1
3;20051;M;7;GUADALAJARA DE BUGA;28;-;NO DESERTOR;NO;0;NO DEFINIDO;Si;55,99;0;3;2;1
3;20121;M;3;TULUÁ;27;-;NO DESERTOR;NO;3;DOS SALARIOS MÍNIMOS O MENOS;Si;38,56;0;2;1;1
3;20121;F;8;TULUÁ;31;-;NO DESERTOR;NO;0;NO DEFINIDO;NO;50,95;0;1;0;1
3;20121;F;1;ROLDANILLO;30;-;NO DESERTOR;NO;1;MAS DE 4 Y MENOS DE 6 SALARIOS MINIMOS;NO;52,15;0;7;6;1
3;20121;F;6;TULUÁ;29;-;NO DESERTOR;NO;0;NO DEFINIDO;NO;49,48;1;2;1;1
3;20121;F;2;TULUÁ;26;-;NO DESERTOR;NO;2;MAS DE 2 Y MENOS DE 4 SALARIOS MINIMOS;NO;37,24;1;5;4;1
3;20121;F;6;BUENAVENTURA;27;-;NO DESERTOR;NO;2;NO DEFINIDO;Si;51,56;2;3;2;1
3;20121;F;5;ANDALUCÍA;26;-;NO DESERTOR;NO;0;MAS DE 2 Y MENOS DE 4 SALARIOS MINIMOS;Si;46,28;1;4;3;1
3;20121;F;3;TULUÁ;29;-;NO DESERTOR;NO;0;DOS SALARIOS MÍNIMOS O MENOS;Si;46,76;1;3;2;1
3;20121;F;5;TULUÁ;29;-;NO DESERTOR;NO;1;MAS DE 4 Y MENOS DE 6 SALARIOS MINIMOS;Si;49,08;1;4;2;2
3;20121;F;1;GUADALAJARA DE BUGA;27;-;NO DESERTOR;NO;0;MAS DE 2 Y MENOS DE 4 SALARIOS MINIMOS;NO;49,48;0;2;1;1
3;20091;F;9;GUACARÍ;29;-;NO DESERTOR;NO;0;NO DEFINIDO;Si;50,94;1;4;3;1
3;20121;F;2;TULUÁ;27;-;NO DESERTOR;NO;0;MAS DE 2 Y MENOS DE 4 SALARIOS MINIMOS;Si;41,16;1;6;5;1
3;20121;M;4;GUADALAJARA DE BUGA;36;-;NO DESERTOR;NO;0;MAS DE 4 Y MENOS DE 6 SALARIOS MINIMOS;Si;45,74;4;3;2;1
3;20091;F;9;TULUÁ;33;-;NO DESERTOR;NO;0;NO DEFINIDO;Si;50,95;1;1;1;0
3;20121;F;7;GUADALAJARA DE BUGA;29;-;NO DESERTOR;NO;0;NO DEFINIDO;Si;51,92;0;1;0;1
3;20121;M;1;TULUÁ;28;-;NO DESERTOR;NO;0;DOS SALARIOS MÍNIMOS O MENOS;NO;48,64;0;5;4;1
3;20121;F;2;TULUÁ;28;-;NO DESERTOR;NO;2;DOS SALARIOS MÍNIMOS O MENOS;NO;42,36;0;7;6;1
3;20121;F;4;GUADALAJARA DE BUGA;27;-;NO DESERTOR;NO;0;MAS DE 2 Y MENOS DE 4 SALARIOS MINIMOS;NO;45,4;2;2;1;1
3;20121;F;2;TULUÁ;27;-;NO DESERTOR;NO;0;DOS SALARIOS MÍNIMOS O MENOS;Si;46,68;1;6;5;1
3;20121;F;1;TULUÁ;29;-;NO DESERTOR;NO;0;MAS DE 4 Y MENOS DE 6 SALARIOS MINIMOS;Si;57,15;0;6;5;1
3;20121;F;3;TULUÁ;26;-;NO DESERTOR;NO;0;MAS DE 2 Y MENOS DE 4 SALARIOS MINIMOS;Si;45,84;0;6;5;1
3;20091;F;11;BOLÍVAR;30;-;NO DESERTOR;NO;0;NO DEFINIDO;Si;50,95;0;3;2;1
3;20121;F;11;TULUÁ;38;-;NO DESERTOR;NO;0;NO DEFINIDO;Si;50,95;0;1;0;1
3;20121;F;2;TULUÁ;29;-;NO DESERTOR;NO;0;MAS DE 2 Y MENOS DE 4 SALARIOS MINIMOS;Si;41,88;1;6;5;1
3;20121;F;1;TULUÁ;25;-;NO DESERTOR;NO;0;DOS SALARIOS MÍNIMOS O MENOS;Si;52,64;0;4;3;1
3;20091;F;9;TULUÁ;32;-;NO DESERTOR;NO;0;NO DEFINIDO;NO;50,95;0;1;0;1
3;20091;F;9;GUADALAJARA DE BUGA;29;-;NO DESERTOR;NO;0;NO DEFINIDO;Si;50,95;0;2;0;2
3;20121;F;3;TULUÁ;27;-;NO DESERTOR;NO;0;MAS DE 4 Y MENOS DE 6 SALARIOS MINIMOS;Si;53,32;0;8;7;1
3;20121;F;2;ANDALUCÍA;23;-;NO DESERTOR;NO;0;DOS SALARIOS MÍNIMOS O MENOS;NO;50,48;1;5;5;0
3;20121;F;1;TRUJILLO;25;-;NO DESERTOR;NO;0;DOS SALARIOS MÍNIMOS O MENOS;Si;51,24;0;7;6;1
3;20121;F;5;TULUÁ;32;-;NO DESERTOR;NO;0;NO DEFINIDO;Si;50,95;2;3;2;1
3;20121;M;2;TULUÁ;27;-;NO DESERTOR;NO;0;DOS SALARIOS MÍNIMOS O MENOS;NO;50,95;1;5;4;1
3;20121;M;2;TULUÁ;31;-;NO DESERTOR;NO;3;DOS SALARIOS MÍNIMOS O MENOS;Si;50,77;0;8;7;1
3;20121;M;4;TULUÁ;34;-;NO DESERTOR;NO;0;MAS DE 4 Y MENOS DE 6 SALARIOS MINIMOS;Si;47,51;0;2;1;1
3;20121;M;2;BUGALAGRANDE;27;-;NO DESERTOR;NO;0;DOS SALARIOS MÍNIMOS O MENOS;NO;39;1;4;4;0
3;20121;M;4;TULUÁ;30;-;NO DESERTOR;NO;0;MAS DE 4 Y MENOS DE 6 SALARIOS MINIMOS;Si;46,22;0;2;1;1
3;20121;M;3;TULUÁ;29;-;NO DESERTOR;NO;0;MAS DE 2 Y MENOS DE 4 SALARIOS MINIMOS;Si;39,92;3;2;1;1
3;20121;M;2;TULUÁ;26;-;NO DESERTOR;NO;0;MAS DE 2 Y MENOS DE 4 SALARIOS MINIMOS;Si;54,72;0;5;3;2
3;20091;M;9;ANDALUCÍA;29;-;NO DESERTOR;NO;0;NO DEFINIDO;Si;57,53;0;2;0;2
3;20091;M;4;TULUÁ;31;-;NO DESERTOR;NO;0;NO DEFINIDO;Si;49,35;0;3;1;2
3;20121;F;2;TULUÁ;27;-;NO DESERTOR;NO;0;DOS SALARIOS MÍNIMOS O MENOS;NO;47,28;1;2;1;1
3;20121;F;6;GUADALAJARA DE BUGA;27;-;NO DESERTOR;NO;0;MAS DE 8 SALARIOS MINIMOS;NO;45,44;0;2;1;1
3;20091;M;9;TULUÁ;32;-;NO DESERTOR;NO;0;NO DEFINIDO;Si;47,28;0;2;0;2
3;20121;F;4;BUENAVENTURA;26;-;NO DESERTOR;NO;0;NO DEFINIDO;NO;49,48;2;2;1;1
3;20121;M;2;TULUÁ;30;-;NO DESERTOR;NO;2;MAS DE 6 Y MENOS DE 8 SALARIOS MINIMOS;NO;50,95;1;6;5;1
3;20121;F;2;BUGALAGRANDE;25;-;NO DESERTOR;NO;0;DOS SALARIOS MÍNIMOS O MENOS;NO;44,56;1;7;5;2
3;20121;F;1;TULUÁ;26;-;NO DESERTOR;NO;0;MAS DE 4 Y MENOS DE 6 SALARIOS MINIMOS;Si;53,08;0;5;4;1
3;20121;F;5;TULUÁ;29;-;NO DESERTOR;NO;0;NO DEFINIDO;Si;49,66;2;2;1;1
3;20121;F;4;GUADALAJARA DE BUGA;31;-;NO DESERTOR;NO;0;MAS DE 4 Y MENOS DE 6 SALARIOS MINIMOS;Si;50,95;1;5;4;1
3;20121;F;3;TULUÁ;28;-;NO DESERTOR;NO;2;MAS DE 2 Y MENOS DE 4 SALARIOS MINIMOS;Si;47,72;0;7;6;1
3;20121;F;2;TULUÁ;27;-;NO DESERTOR;NO;0;MAS DE 2 Y MENOS DE 4 SALARIOS MINIMOS;NO;38,96;1;4;3;1
3;20121;F;1;TULUÁ;26;-;NO DESERTOR;NO;0;MAS DE 2 Y MENOS DE 4 SALARIOS MINIMOS;Si;59,4;0;5;4;1
3;20091;F;9;TULUÁ;31;-;NO DESERTOR;NO;0;NO DEFINIDO;Si;50,95;0;4;2;2
3;20121;F;1;TULUÁ;26;-;NO DESERTOR;NO;0;DOS SALARIOS MÍNIMOS O MENOS;Si;55,76;0;7;6;1
3;20121;F;4;TULUÁ;27;-;NO DESERTOR;NO;0;MAS DE 2 Y MENOS DE 4 SALARIOS MINIMOS;NO;37,6;2;3;1;2
3;20121;F;2;TULUÁ;28;-;NO DESERTOR;NO;0;DOS SALARIOS MÍNIMOS O MENOS;NO;37,8;0;7;6;1
3;20121;F;1;TULUÁ;27;-;NO DESERTOR;NO;0;MAS DE 2 Y MENOS DE 4 SALARIOS MINIMOS;NO;43,32;1;3;2;1
3;20121;F;2;GUADALAJARA DE BUGA;27;-;NO DESERTOR;NO;0;DOS SALARIOS MÍNIMOS O MENOS;NO;54,8;0;7;6;1
3;20121;F;2;ANDALUCÍA;26;-;NO DESERTOR;NO;0;DOS SALARIOS MÍNIMOS O MENOS;NO;37,4;1;8;8;0
3;20121;M;2;RIOFRÍO;33;-;NO DESERTOR;SI;0;MAS DE 2 Y MENOS DE 4 SALARIOS MINIMOS;NO;47,76;1;6;5;1
3;20091;F;9;TULUÁ;30;-;NO DESERTOR;NO;0;NO DEFINIDO;Si;50,95;0;2;0;2
3;20121;M;1;BUGALAGRANDE;28;INACTIVIDAD ACADEMICA;DESERTOR;NO;0;DOS SALARIOS MÍNIMOS O MENOS;NO;49,16;1;5;4;1
3;20121;M;4;GUADALAJARA DE BUGA;28;-;NO DESERTOR;NO;0;DOS SALARIOS MÍNIMOS O MENOS;Si;41,49;1;2;1;1
3;20121;M;3;TULUÁ;27;-;NO DESERTOR;NO;1;DOS SALARIOS MÍNIMOS O MENOS;Si;58,88;0;6;5;1
3;20121;M;2;TULUÁ;26;-;NO DESERTOR;NO;0;MAS DE 2 Y MENOS DE 4 SALARIOS MINIMOS;Si;40,32;0;5;4;1
3;20091;F;9;ANDALUCÍA;33;-;NO DESERTOR;NO;0;NO DEFINIDO;Si;50,95;0;1;0;1
3;20121;F;5;TULUÁ;29;-;NO DESERTOR;NO;0;NO DEFINIDO;Si;40;3;2;1;1
3;20091;F;9;TULUÁ;29;-;NO DESERTOR;NO;0;NO DEFINIDO;NO;50,95;0;3;2;1
3;20121;F;6;TULUÁ;29;-;NO DESERTOR;NO;0;NO DEFINIDO;NO;52,32;0;4;3;1
3;20121;F;2;GUADALAJARA DE BUGA;25;-;NO DESERTOR;NO;0;DOS SALARIOS MÍNIMOS O MENOS;NO;43,04;0;5;5;0
3;20121;F;6;PALMIRA;27;-;NO DESERTOR;NO;0;MAS DE 4 Y MENOS DE 6 SALARIOS MINIMOS;Si;50,95;1;3;2;1
3;20091;F;11;ZARZAL;30;-;NO DESERTOR;NO;0;NO DEFINIDO;Si;50,95;0;1;0;1
3;20121;F;4;ANDALUCÍA;31;-;NO DESERTOR;NO;0;DOS SALARIOS MÍNIMOS O MENOS;NO;41,76;0;2;1;1
3;20121;F;2;CALIMA;27;INACTIVIDAD ACADEMICA;DESERTOR;NO;2;DOS SALARIOS MÍNIMOS O MENOS;NO;52,68;1;10;9;1
3;20091;F;11;BUENAVENTURA;35;-;NO DESERTOR;NO;0;NO DEFINIDO;Si;50,95;0;1;0;1
3;20121;M;4;TULUÁ;36;-;NO DESERTOR;NO;0;NO DEFINIDO;Si;46,88;0;2;1;1
3;20121;F;6;ANDALUCÍA;29;-;NO DESERTOR;NO;0;NO DEFINIDO;NO;46,72;0;2;1;1
3;20121;F;3;FUNES;27;-;NO DESERTOR;NO;0;MAS DE 2 Y MENOS DE 4 SALARIOS MINIMOS;Si;56;0;6;5;1
3;20051;M;7;RIOFRÍO;42;-;NO DESERTOR;NO;0;NO DEFINIDO;NO;50,95;1;2;1;1
3;20121;M;6;TULUÁ;31;-;NO DESERTOR;NO;0;MAS DE 2 Y MENOS DE 4 SALARIOS MINIMOS;Si;47,27;0;2;1;1
3;20121;M;2;BUGALAGRANDE;28;-;NO DESERTOR;NO;0;MAS DE 2 Y MENOS DE 4 SALARIOS MINIMOS;NO;43,6;1;5;4;1
3;20121;M;4;BUENAVENTURA;29;-;NO DESERTOR;NO;0;NO DEFINIDO;Si;45,45;2;2;1;1
3;20121;M;4;TULUÁ;27;-;NO DESERTOR;NO;0;MAS DE 2 Y MENOS DE 4 SALARIOS MINIMOS;Si;54,8;0;3;1;2
3;20121;M;3;BUENAVENTURA;26;-;NO DESERTOR;NO;0;DOS SALARIOS MÍNIMOS O MENOS;Si;43;1;2;1;1
3;20121;M;6;BUENAVENTURA;27;-;NO DESERTOR;NO;0;MAS DE 2 Y MENOS DE 4 SALARIOS MINIMOS;NO;46,2;0;2;1;1
3;20121;M;1;NO DEFINIDO;25;-;NO DESERTOR;NO;0;MAS DE 8 SALARIOS MINIMOS;NO;63,6;4;4;4;0
3;20121;F;2;GUADALAJARA DE BUGA;27;-;NO DESERTOR;NO;3;DOS SALARIOS MÍNIMOS O MENOS;NO;50,95;2;8;7;1
3;20121;M;7;TULUÁ;28;-;NO DESERTOR;NO;0;NO DEFINIDO;NO;47,12;0;1;0;1
3;20121;M;3;TULUÁ;27;-;NO DESERTOR;NO;0;DOS SALARIOS MÍNIMOS O MENOS;NO;46,28;0;6;5;1
3;20121;M;2;TRUJILLO;27;-;NO DESERTOR;NO;0;DOS SALARIOS MÍNIMOS O MENOS;NO;51,68;0;5;4;1
3;20121;M;1;TULUÁ;28;-;NO DESERTOR;NO;0;MAS DE 2 Y MENOS DE 4 SALARIOS MINIMOS;NO;40;0;4;3;1
3;20121;M;1;GUADALAJARA DE BUGA;27;-;NO DESERTOR;NO;1;MAS DE 2 Y MENOS DE 4 SALARIOS MINIMOS;NO;48,8;1;5;5;0
3;20121;M;1;TULUÁ;27;-;NO DESERTOR;NO;1;DOS SALARIOS MÍNIMOS O MENOS;Si;57,72;0;8;7;1
3;20121;F;1;BUGALAGRANDE;25;-;NO DESERTOR;NO;1;MAS DE 2 Y MENOS DE 4 SALARIOS MINIMOS;Si;49,84;0;5;4;1
3;20121;M;7;TULUÁ;30;-;NO DESERTOR;NO;0;NO DEFINIDO;NO;50,95;0;1;0;1
3;20121;M;6;TULUÁ;28;-;NO DESERTOR;NO;2;MAS DE 2 Y MENOS DE 4 SALARIOS MINIMOS;NO;61,4;0;2;1;1
3;20121;M;4;TULUÁ;28;-;NO DESERTOR;SI;1;MAS DE 2 Y MENOS DE 4 SALARIOS MINIMOS;NO;47,28;1;2;1;1
3;20121;M;1;TULUÁ;27;INACTIVIDAD ACADEMICA;DESERTOR;NO;0;DOS SALARIOS MÍNIMOS O MENOS;NO;48,08;0;2;1;1
3;20121;M;1;GUADALAJARA DE BUGA;26;INACTIVIDAD ACADEMICA;DESERTOR;NO;0;DOS SALARIOS MÍNIMOS O MENOS;NO;59,52;4;4;4;0
3;20121;M;3;TULUÁ;26;-;NO DESERTOR;NO;0;MAS DE 2 Y MENOS DE 4 SALARIOS MINIMOS;Si;49,68;1;6;5;1
3;20121;F;3;BUENAVENTURA;26;-;NO DESERTOR;SI;3;DOS SALARIOS MÍNIMOS O MENOS;Si;45,96;2;5;4;1
3;20121;F;2;BUENAVENTURA;25;-;NO DESERTOR;NO;0;DOS SALARIOS MÍNIMOS O MENOS;NO;40,56;1;8;7;1
3;20121;F;3;TULUÁ;28;-;NO DESERTOR;NO;0;MAS DE 2 Y MENOS DE 4 SALARIOS MINIMOS;NO;45;0;2;1;1
3;20121;M;4;GUADALAJARA DE BUGA;34;INACTIVIDAD ACADEMICA;DESERTOR;NO;0;NO DEFINIDO;NO;50,95;3;1;1;0
3;20121;F;5;ANDALUCÍA;27;-;NO DESERTOR;NO;0;DOS SALARIOS MÍNIMOS O MENOS;NO;43,12;1;2;1;1
3;20121;F;1;TULUÁ;26;-;NO DESERTOR;NO;0;MAS DE 2 Y MENOS DE 4 SALARIOS MINIMOS;NO;52,16;0;8;7;1
3;20121;M;1;TULUÁ;25;-;NO DESERTOR;NO;0;DOS SALARIOS MÍNIMOS O MENOS;NO;46,76;1;5;4;1
3;20121;M;4;BUENAVENTURA;31;-;NO DESERTOR;NO;5;NO DEFINIDO;NO;38,05;2;2;1;1
3;20121;M;2;TULUÁ;27;-;NO DESERTOR;SI;0;MAS DE 2 Y MENOS DE 4 SALARIOS MINIMOS;NO;42,56;1;6;5;1
3;20091;F;9;TULUÁ;29;-;NO DESERTOR;NO;0;NO DEFINIDO;Si;50,95;1;3;2;1
3;20121;F;3;TULUÁ;27;-;NO DESERTOR;NO;0;DOS SALARIOS MÍNIMOS O MENOS;Si;44,36;0;6;5;1
3;20091;F;9;BUENAVENTURA;29;-;NO DESERTOR;NO;0;NO DEFINIDO;Si;41,25;0;3;1;2
3;20121;M;4;GUADALAJARA DE BUGA;31;-;NO DESERTOR;NO;1;MAS DE 2 Y MENOS DE 4 SALARIOS MINIMOS;NO;43,03;0;2;1;1
3;20121;M;2;TULUÁ;26;-;NO DESERTOR;NO;0;MAS DE 2 Y MENOS DE 4 SALARIOS MINIMOS;Si;49,68;0;7;6;1
3;20121;F;1;TULUÁ;26;-;NO DESERTOR;NO;2;DOS SALARIOS MÍNIMOS O MENOS;NO;44,32;1;8;7;1
3;20091;F;9;TULUÁ;32;-;NO DESERTOR;NO;0;NO DEFINIDO;Si;50,95;0;2;0;2
3;20121;M;1;TULUÁ;27;-;NO DESERTOR;NO;2;DOS SALARIOS MÍNIMOS O MENOS;NO;47,2;0;4;3;1
3;20121;F;4;ANDALUCÍA;31;-;NO DESERTOR;NO;0;DOS SALARIOS MÍNIMOS O MENOS;Si;50,68;0;2;1;1
3;20051;M;5;GUADALAJARA DE BUGA;30;-;NO DESERTOR;NO;1;NO DEFINIDO;NO;49,17;2;2;1;1
3;20121;F;4;GUADALAJARA DE BUGA;27;-;NO DESERTOR;NO;0;MAS DE 4 Y MENOS DE 6 SALARIOS MINIMOS;Si;44,64;0;4;3;1
2;20121;F;5;TRUJILLO;29;-;NO DESERTOR;NO;0;NO DEFINIDO;NO;41,77;0;3;1;2
2;20091;M;9;TULUÁ;31;-;NO DESERTOR;NO;0;NO DEFINIDO;Si;50,95;0;2;0;2
2;20121;M;4;BARRAGAN;27;-;NO DESERTOR;NO;2;DOS SALARIOS MÍNIMOS O MENOS;NO;42,44;0;2;1;1
2;20121;F;2;TULUÁ;27;-;NO DESERTOR;NO;0;MAS DE 2 Y MENOS DE 4 SALARIOS MINIMOS;NO;52,6;0;5;4;1
2;20091;F;7;TULUÁ;30;-;NO DESERTOR;NO;0;NO DEFINIDO;NO;50,95;0;1;0;1
2;20121;M;4;TULUÁ;28;INACTIVIDAD ACADEMICA;DESERTOR;NO;0;DOS SALARIOS MÍNIMOS O MENOS;NO;50,95;0;1;0;1
2;20121;M;2;ANDALUCÍA;27;-;NO DESERTOR;NO;0;DOS SALARIOS MÍNIMOS O MENOS;NO;47,72;0;6;5;1
2;20121;M;1;GUADALAJARA DE BUGA;27;INACTIVIDAD ACADEMICA;DESERTOR;NO;0;MAS DE 2 Y MENOS DE 4 SALARIOS MINIMOS;NO;50,95;3;5;5;0
2;20121;M;3;TULUÁ;27;-;NO DESERTOR;NO;0;MAS DE 4 Y MENOS DE 6 SALARIOS MINIMOS;Si;44,76;1;2;1;1
2;20121;M;1;TULUÁ;28;-;NO DESERTOR;NO;0;MAS DE 8 SALARIOS MINIMOS;Si;43,72;0;7;6;1
2;20091;F;8;GUADALAJARA DE BUGA;34;-;NO DESERTOR;NO;0;NO DEFINIDO;NO;50,95;1;4;2;2
2;20091;F;9;ORITO;42;-;NO DESERTOR;NO;0;NO DEFINIDO;Si;50,95;0;1;0;1
2;20121;F;4;TULUÁ;27;-;NO DESERTOR;NO;0;DOS SALARIOS MÍNIMOS O MENOS;Si;48,44;0;4;3;1
2;20091;M;5;GUADALAJARA DE BUGA;30;-;NO DESERTOR;NO;0;NO DEFINIDO;NO;50,95;2;2;1;1
2;20121;F;4;SAN PEDRO;26;-;NO DESERTOR;NO;0;MAS DE 2 Y MENOS DE 4 SALARIOS MINIMOS;NO;47,08;0;2;1;1
2;20121;F;1;TULUÁ;28;-;NO DESERTOR;NO;0;DOS SALARIOS MÍNIMOS O MENOS;NO;44,12;0;7;6;1
2;20121;F;4;ANDALUCÍA;32;INACTIVIDAD ACADEMICA;DESERTOR;NO;0;NO DEFINIDO;NO;50,95;0;1;0;1
2;20121;M;2;GUADALAJARA DE BUGA;30;-;NO DESERTOR;NO;0;MAS DE 2 Y MENOS DE 4 SALARIOS MINIMOS;NO;46,07;1;7;6;1
2;20091;M;7;TULUÁ;31;-;NO DESERTOR;NO;0;NO DEFINIDO;Si;50,95;0;1;0;1
2;20121;M;2;TULUÁ;27;-;NO DESERTOR;NO;0;MAS DE 2 Y MENOS DE 4 SALARIOS MINIMOS;NO;46,08;2;3;2;1
2;20091;M;9;TULUÁ;31;-;NO DESERTOR;NO;0;NO DEFINIDO;Si;50,95;0;1;0;1
2;20091;M;9;TULUÁ;29;-;NO DESERTOR;NO;0;NO DEFINIDO;Si;50,95;0;1;0;1
2;20121;M;6;TULUÁ;28;-;NO DESERTOR;NO;0;NO DEFINIDO;Si;39,88;0;3;2;1
2;20121;M;3;SAN PEDRO;30;-;NO DESERTOR;NO;2;MAS DE 2 Y MENOS DE 4 SALARIOS MINIMOS;NO;48,14;0;3;2;1
2;20121;M;2;TULUÁ;28;-;NO DESERTOR;NO;0;MAS DE 4 Y MENOS DE 6 SALARIOS MINIMOS;Si;48,44;1;5;4;1
2;20121;F;1;ANSERMA;26;-;NO DESERTOR;NO;0;MAS DE 2 Y MENOS DE 4 SALARIOS MINIMOS;NO;47,44;0;2;1;1
2;20121;F;1;TULUÁ;26;-;NO DESERTOR;NO;0;MAS DE 4 Y MENOS DE 6 SALARIOS MINIMOS;Si;48,4;0;4;3;1
2;20121;F;1;TULUÁ;27;-;NO DESERTOR;NO;0;MAS DE 2 Y MENOS DE 4 SALARIOS MINIMOS;Si;61,2;0;8;7;1
2;20121;M;6;TULUÁ;28;-;NO DESERTOR;NO;1;NO DEFINIDO;Si;50,95;0;1;0;1
2;20121;M;2;TULUÁ;26;-;NO DESERTOR;NO;0;MAS DE 4 Y MENOS DE 6 SALARIOS MINIMOS;Si;54,6;0;7;6;1
2;20091;M;11;TULUÁ;31;-;NO DESERTOR;NO;0;NO DEFINIDO;Si;50,95;0;1;0;1
2;20091;M;9;TULUÁ;30;-;NO DESERTOR;NO;1;NO DEFINIDO;Si;50,95;0;0;0;0
2;20121;M;3;TULUÁ;30;-;NO DESERTOR;NO;0;DOS SALARIOS MÍNIMOS O MENOS;NO;44,44;1;2;1;1
2;20121;M;3;GUADALAJARA DE BUGA;27;-;NO DESERTOR;NO;0;MAS DE 2 Y MENOS DE 4 SALARIOS MINIMOS;Si;46,48;1;2;1;1
2;20121;M;1;TULUÁ;37;-;NO DESERTOR;SI;0;DOS SALARIOS MÍNIMOS O MENOS;NO;42,48;0;7;6;1
2;20091;M;7;TULUÁ;40;-;NO DESERTOR;NO;0;NO DEFINIDO;Si;50,95;0;2;1;1
2;20091;M;7;SEVILLA;34;-;NO DESERTOR;NO;0;NO DEFINIDO;Si;50,95;0;2;1;1
2;20121;M;5;TULUÁ;30;-;NO DESERTOR;NO;0;MAS DE 2 Y MENOS DE 4 SALARIOS MINIMOS;Si;53,94;1;5;4;1
2;20121;M;2;BUGALAGRANDE;28;-;NO DESERTOR;NO;0;DOS SALARIOS MÍNIMOS O MENOS;NO;46;3;2;1;1
2;20091;M;8;TULUÁ;39;-;NO DESERTOR;NO;0;NO DEFINIDO;Si;50,95;0;1;0;1
2;20051;F;7;ANDALUCÍA;34;-;NO DESERTOR;NO;0;NO DEFINIDO;NO;50,95;0;1;0;1
2;20121;F;4;SEVILLA;28;-;NO DESERTOR;NO;0;NO DEFINIDO;NO;41,24;1;2;1;1
2;20121;F;2;ANDALUCÍA;25;-;NO DESERTOR;NO;0;MAS DE 2 Y MENOS DE 4 SALARIOS MINIMOS;NO;51,76;0;5;4;1
2;20121;F;2;TULUÁ;32;-;NO DESERTOR;NO;0;MAS DE 2 Y MENOS DE 4 SALARIOS MINIMOS;NO;42,17;1;5;4;1
2;20091;F;9;TULUÁ;30;-;NO DESERTOR;NO;0;NO DEFINIDO;NO;50,95;0;2;0;2
2;20121;F;1;GUADALAJARA DE BUGA;31;INACTIVIDAD ACADEMICA;DESERTOR;NO;1;DOS SALARIOS MÍNIMOS O MENOS;NO;50,09;1;7;6;1
2;20091;M;3;TULUÁ;40;-;NO DESERTOR;NO;0;NO DEFINIDO;Si;50,95;0;1;0;1
2;20091;M;7;TULUÁ;32;-;NO DESERTOR;NO;0;NO DEFINIDO;Si;50,95;0;1;0;1
2;20091;F;9;GUADALAJARA DE BUGA;36;-;NO DESERTOR;NO;0;NO DEFINIDO;Si;50,95;0;1;0;1
2;20121;M;5;ANDALUCÍA;27;-;NO DESERTOR;NO;0;DOS SALARIOS MÍNIMOS O MENOS;Si;50,95;0;1;0;1
2;20121;M;1;TULUÁ;27;-;NO DESERTOR;NO;2;DOS SALARIOS MÍNIMOS O MENOS;NO;40,96;1;6;5;1
2;20121;M;2;TULUÁ;26;-;NO DESERTOR;NO;0;MAS DE 2 Y MENOS DE 4 SALARIOS MINIMOS;Si;42,12;0;7;5;2
2;20091;M;8;GUADALAJARA DE BUGA;33;-;NO DESERTOR;NO;0;NO DEFINIDO;Si;50,95;0;1;0;1
2;20091;M;11;SAN PEDRO;32;-;NO DESERTOR;NO;0;NO DEFINIDO;Si;50,95;0;1;0;1
2;20091;M;9;BUENAVENTURA;28;-;NO DESERTOR;NO;0;NO DEFINIDO;Si;50,95;0;1;0;1
2;20121;M;4;BUGALAGRANDE;29;-;NO DESERTOR;NO;0;NO DEFINIDO;Si;50,83;0;2;1;1
2;20121;M;1;TULUÁ;26;-;NO DESERTOR;NO;0;DOS SALARIOS MÍNIMOS O MENOS;Si;54,56;0;7;6;1
2;20121;M;1;TULUÁ;32;INACTIVIDAD ACADEMICA;DESERTOR;NO;0;MAS DE 2 Y MENOS DE 4 SALARIOS MINIMOS;NO;50,95;5;4;4;0
2;20121;M;2;TULUÁ;30;-;NO DESERTOR;NO;0;MAS DE 4 Y MENOS DE 6 SALARIOS MINIMOS;Si;46,51;1;5;4;1
2;20091;M;9;GUADALAJARA DE BUGA;32;-;NO DESERTOR;NO;0;NO DEFINIDO;Si;50,95;0;1;0;1
2;20091;F;8;GUADALAJARA DE BUGA;29;-;NO DESERTOR;NO;0;NO DEFINIDO;NO;50,95;0;2;1;1
2;20121;F;5;TULUÁ;28;-;NO DESERTOR;NO;0;DOS SALARIOS MÍNIMOS O MENOS;NO;50,32;0;5;3;2
2;20121;F;2;TULUÁ;26;-;NO DESERTOR;NO;0;DOS SALARIOS MÍNIMOS O MENOS;NO;48,64;1;6;5;1
2;20121;F;2;TULUÁ;27;-;NO DESERTOR;NO;2;MAS DE 2 Y MENOS DE 4 SALARIOS MINIMOS;NO;50,95;0;6;5;1
2;20121;F;2;TULUÁ;27;-;NO DESERTOR;NO;2;DOS SALARIOS MÍNIMOS O MENOS;NO;40,36;1;6;5;1
2;20121;F;1;TULUÁ;26;INACTIVIDAD ACADEMICA;DESERTOR;NO;0;MAS DE 2 Y MENOS DE 4 SALARIOS MINIMOS;NO;50,95;5;8;8;0
2;20121;F;2;TULUÁ;26;INACTIVIDAD ACADEMICA;DESERTOR;NO;0;DOS SALARIOS MÍNIMOS O MENOS;NO;50,95;0;5;4;1
2;20121;M;1;BUGALAGRANDE;27;-;NO DESERTOR;NO;0;DOS SALARIOS MÍNIMOS O MENOS;Si;50;1;6;5;1
2;20121;M;4;CALI;27;-;NO DESERTOR;NO;2;MAS DE 2 Y MENOS DE 4 SALARIOS MINIMOS;Si;50,95;0;0;0;0
2;20121;F;5;TULUÁ;33;-;NO DESERTOR;NO;0;DOS SALARIOS MÍNIMOS O MENOS;Si;50,1;1;2;1;1
2;20091;M;9;CALI;30;-;NO DESERTOR;NO;0;NO DEFINIDO;Si;50,95;0;2;0;2
2;20121;M;4;GUADALAJARA DE BUGA;27;-;NO DESERTOR;NO;0;DOS SALARIOS MÍNIMOS O MENOS;Si;47,56;1;2;1;1
2;20121;M;1;TULUÁ;26;-;NO DESERTOR;NO;1;MAS DE 4 Y MENOS DE 6 SALARIOS MINIMOS;NO;55,8;1;5;4;1
2;20121;M;3;TULUÁ;31;-;NO DESERTOR;NO;2;DOS SALARIOS MÍNIMOS O MENOS;Si;50,95;0;3;2;1
2;20121;M;3;GUADALAJARA DE BUGA;28;-;NO DESERTOR;NO;0;DOS SALARIOS MÍNIMOS O MENOS;Si;46,16;0;2;1;1
2;20091;M;9;TULUÁ;31;-;NO DESERTOR;NO;0;NO DEFINIDO;Si;50,95;0;2;0;2
2;20091;M;8;TULUÁ;30;-;NO DESERTOR;NO;0;NO DEFINIDO;Si;50,95;1;2;1;1
2;20091;F;11;TRUJILLO;29;-;NO DESERTOR;NO;0;NO DEFINIDO;Si;50,95;0;2;1;1
2;20121;F;4;TULUÁ;31;-;NO DESERTOR;NO;0;DOS SALARIOS MÍNIMOS O MENOS;Si;46,78;2;3;2;1
2;20121;F;4;TULUÁ;28;-;NO DESERTOR;NO;2;DOS SALARIOS MÍNIMOS O MENOS;Si;51,72;0;2;1;1
2;20051;F;4;GUADALAJARA DE BUGA;34;-;NO DESERTOR;NO;0;NO DEFINIDO;Si;50,95;0;2;1;1
2;20091;F;5;GUADALAJARA DE BUGA;29;-;NO DESERTOR;NO;0;NO DEFINIDO;Si;49,1;1;2;1;1
2;20121;F;4;TULUÁ;28;-;NO DESERTOR;NO;0;DOS SALARIOS MÍNIMOS O MENOS;Si;48,68;0;4;2;2
2;20091;M;9;TULUÁ;30;-;NO DESERTOR;NO;0;NO DEFINIDO;Si;50,95;0;1;0;1
2;20121;M;3;LA UNIÓN;29;-;NO DESERTOR;NO;0;MAS DE 4 Y MENOS DE 6 SALARIOS MINIMOS;NO;39,92;1;2;1;1
2;20121;M;3;TULUÁ;30;-;NO DESERTOR;NO;0;MAS DE 4 Y MENOS DE 6 SALARIOS MINIMOS;NO;45,69;1;2;1;1
2;20121;M;3;TULUÁ;30;INACTIVIDAD ACADEMICA;DESERTOR;NO;0;MAS DE 2 Y MENOS DE 4 SALARIOS MINIMOS;NO;47,54;3;2;1;1
2;20121;M;3;TULUÁ;30;-;NO DESERTOR;NO;0;NO DEFINIDO;NO;44,1;3;2;1;1
2;20121;M;3;ANDALUCÍA;28;-;NO DESERTOR;NO;0;NO DEFINIDO;NO;52,6;1;2;1;1
2;20121;M;3;AIPE;31;-;NO DESERTOR;NO;0;DOS SALARIOS MÍNIMOS O MENOS;Si;49,26;0;2;1;1
2;20091;M;9;TULUÁ;32;-;NO DESERTOR;NO;0;NO DEFINIDO;Si;50,95;0;1;0;1
2;20121;M;5;BUENAVENTURA;30;-;NO DESERTOR;NO;0;DOS SALARIOS MÍNIMOS O MENOS;NO;50,95;2;2;1;1
2;20091;F;8;TULUÁ;30;-;NO DESERTOR;NO;0;NO DEFINIDO;NO;50,95;0;3;1;2
2;20091;F;8;ZARZAL;30;-;NO DESERTOR;NO;0;NO DEFINIDO;NO;50,95;0;1;0;1
2;20121;F;3;SEVILLA;29;-;NO DESERTOR;NO;0;NO DEFINIDO;NO;41,44;0;2;1;1
2;20091;F;9;TULUÁ;32;-;NO DESERTOR;NO;0;NO DEFINIDO;Si;50,95;0;1;0;1
2;20121;M;1;TULUÁ;26;-;NO DESERTOR;NO;0;DOS SALARIOS MÍNIMOS O MENOS;NO;42,32;1;8;7;1
2;20091;M;8;TULUÁ;30;-;NO DESERTOR;NO;0;NO DEFINIDO;NO;50,95;0;1;0;1
2;20091;F;11;GUADALAJARA DE BUGA;35;-;NO DESERTOR;NO;0;NO DEFINIDO;NO;50,95;0;0;0;0
2;20051;F;10;TULUÁ;33;-;NO DESERTOR;NO;0;NO DEFINIDO;NO;50,95;0;1;0;1
2;20121;M;5;TULUÁ;28;-;NO DESERTOR;NO;0;NO DEFINIDO;Si;65,17;0;3;2;1
2;20091;M;9;TULUÁ;30;-;NO DESERTOR;NO;0;NO DEFINIDO;Si;50,95;0;1;0;1
2;20121;M;3;TULUÁ;30;-;NO DESERTOR;NO;0;MAS DE 2 Y MENOS DE 4 SALARIOS MINIMOS;NO;42,08;1;2;1;1
2;20121;M;4;TULUÁ;29;-;NO DESERTOR;NO;0;NO DEFINIDO;NO;50,95;0;1;0;1
2;20051;M;9;GUADALAJARA DE BUGA;37;-;NO DESERTOR;NO;0;NO DEFINIDO;Si;50,95;0;2;1;1
2;20091;M;4;TULUÁ;29;-;NO DESERTOR;NO;1;NO DEFINIDO;Si;50,95;0;1;0;1
2;20091;M;3;TULUÁ;29;-;NO DESERTOR;NO;0;NO DEFINIDO;Si;48,16;3;1;1;0
2;20121;F;5;YOTOCO;28;-;NO DESERTOR;NO;2;NO DEFINIDO;Si;50,95;2;2;1;1
2;20121;M;1;TULUÁ;38;-;NO DESERTOR;NO;0;MAS DE 2 Y MENOS DE 4 SALARIOS MINIMOS;NO;50,6;0;5;4;1
2;20121;F;3;TULUÁ;28;-;NO DESERTOR;NO;2;MAS DE 4 Y MENOS DE 6 SALARIOS MINIMOS;Si;43,2;0;2;1;1
2;20121;M;3;TULUÁ;28;INACTIVIDAD ACADEMICA;DESERTOR;NO;0;NO DEFINIDO;NO;37,8;2;2;1;1
2;20121;M;3;TULUÁ;30;INACTIVIDAD ACADEMICA;DESERTOR;NO;0;NO DEFINIDO;NO;50,95;0;0;0;0
2;20051;M;8;TULUÁ;35;-;NO DESERTOR;NO;0;NO DEFINIDO;Si;50,95;0;1;0;1
2;20121;M;2;TULUÁ;28;-;NO DESERTOR;NO;0;DOS SALARIOS MÍNIMOS O MENOS;NO;56,8;1;6;5;1
2;20121;M;4;TULUÁ;28;-;NO DESERTOR;NO;1;NO DEFINIDO;Si;44,36;3;2;1;1
2;20121;M;3;TULUÁ;31;-;NO DESERTOR;NO;2;DOS SALARIOS MÍNIMOS O MENOS;NO;43,84;2;2;1;1
2;20121;F;3;TULUÁ;29;INACTIVIDAD ACADEMICA;DESERTOR;NO;0;MAS DE 2 Y MENOS DE 4 SALARIOS MINIMOS;NO;50,95;2;4;3;1
2;20091;F;6;TULUÁ;38;-;NO DESERTOR;SI;0;NO DEFINIDO;Si;50,95;0;1;0;1
2;20091;F;11;TULUÁ;30;-;NO DESERTOR;NO;0;NO DEFINIDO;NO;50,95;0;2;0;2
2;20121;F;5;TULUÁ;29;-;NO DESERTOR;NO;0;MAS DE 2 Y MENOS DE 4 SALARIOS MINIMOS;NO;51,68;0;2;1;1
2;20121;F;2;BUGALAGRANDE;28;-;NO DESERTOR;NO;0;DOS SALARIOS MÍNIMOS O MENOS;NO;50,95;0;4;4;0
2;20121;M;4;TULUÁ;28;-;NO DESERTOR;NO;0;NO DEFINIDO;Si;50,95;0;1;0;1
2;20121;M;2;GUADALAJARA DE BUGA;29;-;NO DESERTOR;NO;1;DOS SALARIOS MÍNIMOS O MENOS;NO;66,44;0;2;1;1
2;20121;M;2;TULUÁ;31;-;NO DESERTOR;NO;0;MAS DE 2 Y MENOS DE 4 SALARIOS MINIMOS;Si;46,17;1;6;5;1
2;20121;M;2;TULUÁ;27;-;NO DESERTOR;NO;0;DOS SALARIOS MÍNIMOS O MENOS;NO;42,76;1;6;6;0
2;20121;M;3;BUENAVENTURA;29;-;NO DESERTOR;NO;0;DOS SALARIOS MÍNIMOS O MENOS;Si;46,44;0;2;1;1
2;20091;M;8;GUADALAJARA DE BUGA;28;-;NO DESERTOR;NO;0;NO DEFINIDO;NO;50,95;0;1;0;1
2;20121;F;2;ROLDANILLO;26;-;NO DESERTOR;NO;0;MAS DE 4 Y MENOS DE 6 SALARIOS MINIMOS;NO;41,76;1;6;5;1
2;20051;F;7;TULUÁ;28;-;NO DESERTOR;NO;0;NO DEFINIDO;NO;58,81;0;3;2;1
2;20091;F;9;BUGALAGRANDE;30;-;NO DESERTOR;NO;0;NO DEFINIDO;Si;50,95;0;2;0;2
2;20091;F;8;LA VICTORIA;30;-;NO DESERTOR;NO;0;NO DEFINIDO;Si;45,49;0;4;2;2
2;20121;M;2;TULUÁ;29;-;NO DESERTOR;NO;3;MAS DE 4 Y MENOS DE 6 SALARIOS MINIMOS;Si;39,36;0;8;6;2
2;20121;M;3;YOTOCO;28;-;NO DESERTOR;NO;0;DOS SALARIOS MÍNIMOS O MENOS;NO;53,84;0;2;1;1
2;20091;M;9;GUADALAJARA DE BUGA;34;-;NO DESERTOR;SI;1;NO DEFINIDO;NO;50,95;0;3;1;2
2;20091;M;9;TULUÁ;31;-;NO DESERTOR;NO;0;NO DEFINIDO;Si;50,95;0;2;1;1
2;20121;M;1;TULUÁ;26;-;NO DESERTOR;NO;0;DOS SALARIOS MÍNIMOS O MENOS;NO;50,95;1;5;5;0
2;20121;M;3;TULUÁ;28;-;NO DESERTOR;NO;2;DOS SALARIOS MÍNIMOS O MENOS;Si;41,48;0;2;1;1
2;20121;M;1;BUGALAGRANDE;26;INACTIVIDAD ACADEMICA;DESERTOR;NO;1;MAS DE 2 Y MENOS DE 4 SALARIOS MINIMOS;NO;50,95;6;3;3;0
2;20051;M;11;GUADALAJARA DE BUGA;32;-;NO DESERTOR;NO;0;NO DEFINIDO;NO;50,95;0;1;0;1
2;20091;M;4;BUGALAGRANDE;28;-;NO DESERTOR;NO;1;NO DEFINIDO;Si;50,95;0;2;1;1
2;20121;M;2;ANDALUCÍA;27;-;NO DESERTOR;NO;1;DOS SALARIOS MÍNIMOS O MENOS;Si;50,28;1;2;1;1
2;20121;M;1;GUADALAJARA DE BUGA;29;-;NO DESERTOR;SI;0;NO DEFINIDO;NO;46,92;1;3;3;0
2;20051;M;10;TULUÁ;36;-;NO DESERTOR;NO;0;NO DEFINIDO;NO;50,95;0;0;0;0
2;20091;M;7;TULUÁ;31;-;NO DESERTOR;NO;0;NO DEFINIDO;Si;50,95;0;1;0;1
2;20121;M;2;TULUÁ;27;-;NO DESERTOR;NO;0;MAS DE 2 Y MENOS DE 4 SALARIOS MINIMOS;Si;49,56;1;6;5;1
2;20091;M;9;LA PAILA - ZARZAL;30;-;NO DESERTOR;NO;0;NO DEFINIDO;Si;50,95;0;1;0;1
2;20121;M;1;TULUÁ;27;-;NO DESERTOR;NO;2;DOS SALARIOS MÍNIMOS O MENOS;Si;48,08;0;5;4;1
2;20091;M;7;TULUÁ;30;-;NO DESERTOR;NO;0;NO DEFINIDO;Si;50,95;0;1;0;1
2;20091;M;11;TULUÁ;33;-;NO DESERTOR;NO;0;NO DEFINIDO;Si;50,95;0;1;0;1
2;20121;M;2;TULUÁ;25;-;NO DESERTOR;NO;0;DOS SALARIOS MÍNIMOS O MENOS;Si;48,12;0;5;4;1
2;20091;M;7;LA VICTORIA;32;-;NO DESERTOR;NO;0;NO DEFINIDO;Si;50,95;1;3;1;2
2;20051;M;11;BUGALAGRANDE;34;-;NO DESERTOR;NO;0;NO DEFINIDO;Si;50,95;0;1;0;1
2;20121;M;2;GUADALAJARA DE BUGA;27;-;NO DESERTOR;NO;2;DOS SALARIOS MÍNIMOS O MENOS;NO;40,52;2;5;4;1
2;20121;M;2;TULUÁ;26;INACTIVIDAD ACADEMICA;DESERTOR;NO;0;DOS SALARIOS MÍNIMOS O MENOS;NO;50,95;0;6;5;1
2;20121;M;3;TULUÁ;27;-;NO DESERTOR;NO;0;DOS SALARIOS MÍNIMOS O MENOS;Si;40,44;3;2;1;1
2;20121;M;4;TULUÁ;28;-;NO DESERTOR;NO;0;NO DEFINIDO;Si;60,76;0;2;1;1
2;20121;M;4;TULUÁ;31;-;NO DESERTOR;NO;1;NO DEFINIDO;NO;48,73;1;3;1;2
2;20121;M;3;TULUÁ;30;-;NO DESERTOR;NO;0;NO DEFINIDO;Si;45,56;2;3;2;1
2;20121;M;5;ANDALUCÍA;28;-;NO DESERTOR;NO;0;NO DEFINIDO;Si;55,72;0;2;1;1
2;20121;M;4;GUADALAJARA DE BUGA;28;-;NO DESERTOR;NO;0;DOS SALARIOS MÍNIMOS O MENOS;Si;53,2;0;2;1;1
2;20121;M;3;TULUÁ;28;-;NO DESERTOR;NO;1;MAS DE 2 Y MENOS DE 4 SALARIOS MINIMOS;Si;49,84;0;4;2;2
2;20121;M;2;BUGALAGRANDE;30;-;NO DESERTOR;SI;0;DOS SALARIOS MÍNIMOS O MENOS;NO;49,17;3;3;2;1
2;20121;M;3;TULUÁ;27;-;NO DESERTOR;NO;0;MAS DE 6 Y MENOS DE 8 SALARIOS MINIMOS;Si;50,08;0;3;2;1
2;20121;M;1;TULUÁ;26;-;NO DESERTOR;NO;4;MAS DE 2 Y MENOS DE 4 SALARIOS MINIMOS;NO;53,72;1;7;6;1
2;20121;M;2;TULUÁ;30;-;NO DESERTOR;NO;0;MAS DE 2 Y MENOS DE 4 SALARIOS MINIMOS;Si;52,2;0;6;5;1
2;20121;M;2;TULUÁ;27;-;NO DESERTOR;NO;0;MAS DE 4 Y MENOS DE 6 SALARIOS MINIMOS;NO;50,95;1;4;4;0
2;20121;M;1;TULUÁ;25;-;NO DESERTOR;NO;1;MAS DE 2 Y MENOS DE 4 SALARIOS MINIMOS;NO;53,72;0;7;6;1
2;20091;M;8;LA UNIÓN;31;-;NO DESERTOR;NO;0;NO DEFINIDO;Si;50,95;0;1;0;1
2;20091;M;9;TULUÁ;31;-;NO DESERTOR;NO;0;NO DEFINIDO;Si;50,95;0;1;0;1
2;20051;M;4;BUGALAGRANDE;29;-;NO DESERTOR;NO;0;NO DEFINIDO;Si;49,33;0;2;1;1
2;20121;M;2;TULUÁ;28;-;NO DESERTOR;NO;0;DOS SALARIOS MÍNIMOS O MENOS;NO;43,56;2;2;1;1
2;20121;M;3;GUADALAJARA DE BUGA;28;-;NO DESERTOR;NO;0;DOS SALARIOS MÍNIMOS O MENOS;Si;53,45;0;2;1;1
2;20121;M;1;GUADALAJARA DE BUGA;33;INACTIVIDAD ACADEMICA;DESERTOR;NO;3;MAS DE 2 Y MENOS DE 4 SALARIOS MINIMOS;NO;50,95;5;3;3;0
2;20121;M;7;TULUÁ;33;-;NO DESERTOR;NO;0;NO DEFINIDO;Si;50,95;0;1;0;1
2;20091;M;9;SAN PEDRO;31;-;NO DESERTOR;NO;0;NO DEFINIDO;Si;50,95;0;1;0;1
2;20121;M;1;ANDALUCÍA;25;-;NO DESERTOR;NO;0;MAS DE 2 Y MENOS DE 4 SALARIOS MINIMOS;Si;39,48;1;6;5;1
2;20051;M;11;BUGALAGRANDE;32;-;NO DESERTOR;NO;0;NO DEFINIDO;Si;50,95;0;1;0;1
2;20121;M;3;TULUÁ;30;INACTIVIDAD ACADEMICA;DESERTOR;NO;2;NO DEFINIDO;NO;50,95;0;1;0;1
2;20121;M;6;TULUÁ;30;INACTIVIDAD ACADEMICA;DESERTOR;NO;0;NO DEFINIDO;NO;50,95;0;3;1;2
2;20121;M;6;TULUÁ;28;-;NO DESERTOR;NO;0;NO DEFINIDO;Si;50,95;0;1;0;1
2;20121;M;5;TULUÁ;29;-;NO DESERTOR;NO;2;MAS DE 2 Y MENOS DE 4 SALARIOS MINIMOS;Si;50,95;0;2;1;1
2;20121;M;4;BUGALAGRANDE;27;INACTIVIDAD ACADEMICA;DESERTOR;NO;2;NO DEFINIDO;NO;50,95;2;1;1;0
2;20121;M;3;BUGALAGRANDE;29;-;NO DESERTOR;NO;0;MAS DE 4 Y MENOS DE 6 SALARIOS MINIMOS;NO;46,48;1;2;1;1
2;20121;M;2;TULUÁ;27;INACTIVIDAD ACADEMICA;DESERTOR;NO;0;DOS SALARIOS MÍNIMOS O MENOS;NO;50,95;1;7;6;1
2;20121;M;2;MEDELLÍN;28;-;NO DESERTOR;NO;0;MAS DE 2 Y MENOS DE 4 SALARIOS MINIMOS;NO;43,56;1;5;4;1
2;20121;M;4;TULUÁ;28;-;NO DESERTOR;NO;1;DOS SALARIOS MÍNIMOS O MENOS;Si;41,8;0;3;2;1
2;20121;M;2;TULUÁ;28;-;NO DESERTOR;NO;2;MAS DE 2 Y MENOS DE 4 SALARIOS MINIMOS;NO;43,68;1;5;4;1
2;20091;F;8;TULUÁ;29;-;NO DESERTOR;NO;0;NO DEFINIDO;NO;50,95;0;4;3;1
2;20121;F;6;TRUJILLO;28;-;NO DESERTOR;NO;0;NO DEFINIDO;NO;42,08;0;3;2;1
2;20121;F;3;TULUÁ;28;-;NO DESERTOR;NO;1;DOS SALARIOS MÍNIMOS O MENOS;NO;46,44;0;3;1;2
2;20121;F;2;TULUÁ;26;-;NO DESERTOR;NO;0;MAS DE 2 Y MENOS DE 4 SALARIOS MINIMOS;NO;51,32;0;6;5;1
2;20121;M;1;TULUÁ;27;-;NO DESERTOR;NO;0;MAS DE 2 Y MENOS DE 4 SALARIOS MINIMOS;Si;47,56;1;7;6;1
2;20091;M;11;BUGALAGRANDE;31;-;NO DESERTOR;NO;0;NO DEFINIDO;Si;50,95;0;2;0;2
2;20091;M;5;LETICIA;33;-;NO DESERTOR;NO;0;NO DEFINIDO;Si;50,95;0;2;1;1
2;20091;M;11;TULUÁ;33;-;NO DESERTOR;NO;0;NO DEFINIDO;Si;50,95;0;1;0;1
2;20091;M;9;TULUÁ;31;-;NO DESERTOR;NO;0;NO DEFINIDO;Si;50,95;0;1;0;1
2;20091;M;11;TULUÁ;36;-;NO DESERTOR;NO;0;NO DEFINIDO;Si;50,95;0;1;0;1
2;20121;M;5;ANDALUCÍA;38;-;NO DESERTOR;NO;0;NO DEFINIDO;Si;49,68;1;2;1;1
2;20121;M;1;GUADALAJARA DE BUGA;26;-;NO DESERTOR;NO;1;MAS DE 2 Y MENOS DE 4 SALARIOS MINIMOS;Si;50,4;0;4;3;1
2;20121;F;1;GINEBRA;27;-;NO DESERTOR;NO;0;DOS SALARIOS MÍNIMOS O MENOS;Si;51,48;1;5;4;1
2;20091;F;8;GUADALAJARA DE BUGA;30;-;NO DESERTOR;NO;0;NO DEFINIDO;Si;50,95;0;2;0;2
2;20121;M;4;TULUÁ;31;-;NO DESERTOR;NO;0;NO DEFINIDO;NO;50,95;0;2;0;2
2;20121;M;4;BUENAVENTURA;29;-;NO DESERTOR;NO;2;DOS SALARIOS MÍNIMOS O MENOS;Si;37,36;1;2;1;1
2;20051;M;6;GUADALAJARA DE BUGA;28;-;NO DESERTOR;NO;0;NO DEFINIDO;Si;55,99;0;3;2;1
2;20121;M;2;TULUÁ;27;-;NO DESERTOR;NO;3;DOS SALARIOS MÍNIMOS O MENOS;Si;38,56;0;2;1;1
2;20121;F;7;TULUÁ;31;-;NO DESERTOR;NO;0;NO DEFINIDO;NO;50,95;0;1;0;1
2;20121;F;5;TULUÁ;29;-;NO DESERTOR;NO;0;NO DEFINIDO;NO;49,48;1;2;1;1
2;20121;F;2;TULUÁ;26;-;NO DESERTOR;NO;2;MAS DE 2 Y MENOS DE 4 SALARIOS MINIMOS;NO;37,24;1;5;4;1
2;20121;F;5;BUENAVENTURA;27;-;NO DESERTOR;NO;2;NO DEFINIDO;Si;51,56;2;3;2;1
2;20121;F;4;ANDALUCÍA;26;-;NO DESERTOR;NO;0;MAS DE 2 Y MENOS DE 4 SALARIOS MINIMOS;Si;46,28;1;4;3;1
2;20121;F;2;TULUÁ;29;-;NO DESERTOR;NO;0;DOS SALARIOS MÍNIMOS O MENOS;Si;46,76;1;3;2;1
2;20121;F;4;TULUÁ;29;-;NO DESERTOR;NO;1;MAS DE 4 Y MENOS DE 6 SALARIOS MINIMOS;Si;49,08;1;4;2;2
2;20121;F;1;ZARZAL;26;INACTIVIDAD ACADEMICA;DESERTOR;NO;0;MAS DE 2 Y MENOS DE 4 SALARIOS MINIMOS;NO;50,95;3;7;7;0
2;20091;F;8;GUACARÍ;29;-;NO DESERTOR;NO;0;NO DEFINIDO;Si;50,94;1;4;3;1
2;20121;F;2;TULUÁ;27;-;NO DESERTOR;NO;0;MAS DE 2 Y MENOS DE 4 SALARIOS MINIMOS;Si;41,16;1;6;5;1
2;20121;M;3;GUADALAJARA DE BUGA;36;-;NO DESERTOR;NO;0;MAS DE 4 Y MENOS DE 6 SALARIOS MINIMOS;Si;45,74;4;3;2;1
2;20091;F;7;TULUÁ;33;-;NO DESERTOR;NO;0;NO DEFINIDO;Si;50,95;1;1;1;0
2;20121;F;6;GUADALAJARA DE BUGA;29;-;NO DESERTOR;NO;0;NO DEFINIDO;Si;51,92;0;1;0;1
2;20121;F;1;TULUÁ;28;-;NO DESERTOR;NO;2;DOS SALARIOS MÍNIMOS O MENOS;NO;42,36;0;7;6;1
2;20121;F;3;GUADALAJARA DE BUGA;27;-;NO DESERTOR;NO;0;MAS DE 2 Y MENOS DE 4 SALARIOS MINIMOS;NO;45,4;2;2;1;1
2;20091;F;9;TULUÁ;33;-;NO DESERTOR;NO;0;NO DEFINIDO;Si;50,95;0;1;0;1
2;20121;F;2;TULUÁ;27;-;NO DESERTOR;NO;0;DOS SALARIOS MÍNIMOS O MENOS;Si;46,68;1;6;5;1
2;20121;F;2;TULUÁ;26;-;NO DESERTOR;NO;0;MAS DE 2 Y MENOS DE 4 SALARIOS MINIMOS;Si;45,84;0;6;5;1
2;20091;F;9;BOLÍVAR;30;-;NO DESERTOR;NO;0;NO DEFINIDO;Si;50,95;0;3;2;1
2;20121;F;11;TULUÁ;38;-;NO DESERTOR;NO;0;NO DEFINIDO;Si;50,95;0;1;0;1
2;20121;F;2;TULUÁ;29;-;NO DESERTOR;NO;0;MAS DE 2 Y MENOS DE 4 SALARIOS MINIMOS;Si;41,88;1;6;5;1
2;20051;F;11;GUADALAJARA DE BUGA;36;-;NO DESERTOR;NO;0;NO DEFINIDO;NO;50,95;0;1;0;1
2;20091;F;8;TULUÁ;29;-;NO DESERTOR;NO;0;NO DEFINIDO;Si;50,95;0;1;0;1
2;20091;F;8;GUADALAJARA DE BUGA;29;-;NO DESERTOR;NO;0;NO DEFINIDO;Si;50,95;0;2;0;2
2;20121;F;2;TULUÁ;27;-;NO DESERTOR;NO;0;MAS DE 4 Y MENOS DE 6 SALARIOS MINIMOS;Si;53,32;0;8;7;1
2;20121;F;1;ANDALUCÍA;23;-;NO DESERTOR;NO;0;DOS SALARIOS MÍNIMOS O MENOS;NO;50,48;1;5;5;0
2;20121;F;5;TULUÁ;32;-;NO DESERTOR;NO;0;NO DEFINIDO;Si;50,95;2;3;2;1
2;20121;M;2;TULUÁ;27;-;NO DESERTOR;NO;0;DOS SALARIOS MÍNIMOS O MENOS;NO;50,95;1;5;4;1
2;20121;M;1;TULUÁ;31;-;NO DESERTOR;NO;3;DOS SALARIOS MÍNIMOS O MENOS;Si;50,77;0;8;7;1
2;20121;M;3;TULUÁ;34;-;NO DESERTOR;NO;0;MAS DE 4 Y MENOS DE 6 SALARIOS MINIMOS;Si;47,51;0;2;1;1
2;20121;M;2;BUGALAGRANDE;27;-;NO DESERTOR;NO;0;DOS SALARIOS MÍNIMOS O MENOS;NO;39;1;4;4;0
2;20121;M;3;TULUÁ;30;-;NO DESERTOR;NO;0;MAS DE 4 Y MENOS DE 6 SALARIOS MINIMOS;Si;46,22;0;2;1;1
2;20121;M;2;TULUÁ;29;-;NO DESERTOR;NO;0;MAS DE 2 Y MENOS DE 4 SALARIOS MINIMOS;Si;39,92;3;2;1;1
2;20121;M;1;TULUÁ;26;-;NO DESERTOR;NO;0;MAS DE 2 Y MENOS DE 4 SALARIOS MINIMOS;Si;54,72;0;5;3;2
2;20091;M;8;ANDALUCÍA;29;-;NO DESERTOR;NO;0;NO DEFINIDO;Si;57,53;0;2;0;2
2;20091;M;7;TULUÁ;31;-;NO DESERTOR;NO;0;NO DEFINIDO;Si;49,35;0;3;1;2
2;20091;M;8;SALONICA - RIOFRÍO;31;-;NO DESERTOR;NO;0;NO DEFINIDO;Si;50,95;0;2;0;2
2;20121;F;1;TULUÁ;27;-;NO DESERTOR;NO;0;DOS SALARIOS MÍNIMOS O MENOS;NO;47,28;1;2;1;1
2;20121;F;2;ANDALUCÍA;27;INACTIVIDAD ACADEMICA;DESERTOR;NO;2;DOS SALARIOS MÍNIMOS O MENOS;NO;50,95;1;5;5;0
2;20121;F;5;GUADALAJARA DE BUGA;27;-;NO DESERTOR;NO;0;MAS DE 8 SALARIOS MINIMOS;NO;45,44;0;2;1;1
2;20091;M;8;TULUÁ;32;-;NO DESERTOR;NO;0;NO DEFINIDO;Si;47,28;0;2;0;2
2;20121;F;3;BUENAVENTURA;26;-;NO DESERTOR;NO;0;NO DEFINIDO;NO;49,48;2;2;1;1
2;20121;M;2;TULUÁ;30;-;NO DESERTOR;NO;2;MAS DE 6 Y MENOS DE 8 SALARIOS MINIMOS;NO;50,95;1;6;5;1
2;20121;F;1;BUGALAGRANDE;25;-;NO DESERTOR;NO;0;DOS SALARIOS MÍNIMOS O MENOS;NO;44,56;1;7;5;2
2;20121;F;4;TULUÁ;29;-;NO DESERTOR;NO;0;NO DEFINIDO;Si;49,66;2;2;1;1
2;20121;F;3;GUADALAJARA DE BUGA;31;-;NO DESERTOR;NO;0;MAS DE 4 Y MENOS DE 6 SALARIOS MINIMOS;Si;50,95;1;5;4;1
2;20121;F;2;TULUÁ;28;-;NO DESERTOR;NO;2;MAS DE 2 Y MENOS DE 4 SALARIOS MINIMOS;Si;47,72;0;7;6;1
2;20121;F;1;TULUÁ;27;-;NO DESERTOR;NO;0;MAS DE 2 Y MENOS DE 4 SALARIOS MINIMOS;NO;38,96;1;4;3;1
2;20091;F;8;TULUÁ;31;-;NO DESERTOR;NO;0;NO DEFINIDO;Si;50,95;0;4;2;2
2;20121;F;3;TULUÁ;27;-;NO DESERTOR;NO;0;MAS DE 2 Y MENOS DE 4 SALARIOS MINIMOS;NO;37,6;2;3;1;2
2;20121;F;1;TULUÁ;28;-;NO DESERTOR;NO;0;DOS SALARIOS MÍNIMOS O MENOS;NO;37,8;0;7;6;1
2;20121;F;1;GUADALAJARA DE BUGA;27;-;NO DESERTOR;NO;0;DOS SALARIOS MÍNIMOS O MENOS;NO;54,8;0;7;6;1
2;20121;F;2;ANDALUCÍA;26;-;NO DESERTOR;NO;0;DOS SALARIOS MÍNIMOS O MENOS;NO;37,4;1;8;8;0
2;20121;M;2;RIOFRÍO;33;-;NO DESERTOR;SI;0;MAS DE 2 Y MENOS DE 4 SALARIOS MINIMOS;NO;47,76;1;6;5;1
2;20091;F;9;TULUÁ;30;-;NO DESERTOR;NO;0;NO DEFINIDO;Si;50,95;0;2;0;2
2;20121;M;2;BUGALAGRANDE;28;-;NO DESERTOR;NO;0;DOS SALARIOS MÍNIMOS O MENOS;NO;49,16;1;5;4;1
2;20121;M;3;GUADALAJARA DE BUGA;28;-;NO DESERTOR;NO;0;DOS SALARIOS MÍNIMOS O MENOS;Si;41,49;1;2;1;1
2;20121;M;2;TULUÁ;27;-;NO DESERTOR;NO;1;DOS SALARIOS MÍNIMOS O MENOS;Si;58,88;0;6;5;1
2;20121;M;1;TULUÁ;26;-;NO DESERTOR;NO;0;MAS DE 2 Y MENOS DE 4 SALARIOS MINIMOS;Si;40,32;0;5;4;1
2;20051;M;11;TULUÁ;33;-;NO DESERTOR;NO;0;NO DEFINIDO;Si;50,95;0;0;0;0
2;20091;F;9;TRUJILLO;30;-;NO DESERTOR;NO;0;NO DEFINIDO;Si;50,95;0;2;1;1
2;20091;F;8;TULUÁ;29;-;NO DESERTOR;NO;0;NO DEFINIDO;NO;50,95;0;3;2;1
2;20121;F;5;TULUÁ;29;-;NO DESERTOR;NO;0;NO DEFINIDO;NO;52,32;0;4;3;1
2;20121;F;1;GUADALAJARA DE BUGA;25;-;NO DESERTOR;NO;0;DOS SALARIOS MÍNIMOS O MENOS;NO;43,04;0;5;5;0
2;20121;F;5;PALMIRA;27;-;NO DESERTOR;NO;0;MAS DE 4 Y MENOS DE 6 SALARIOS MINIMOS;Si;50,95;1;3;2;1
2;20091;F;9;ZARZAL;30;-;NO DESERTOR;NO;0;NO DEFINIDO;Si;50,95;0;1;0;1
2;20121;F;3;ANDALUCÍA;31;-;NO DESERTOR;NO;0;DOS SALARIOS MÍNIMOS O MENOS;NO;41,76;0;2;1;1
2;20121;F;2;CALIMA;27;-;NO DESERTOR;NO;2;DOS SALARIOS MÍNIMOS O MENOS;NO;52,68;1;10;9;1
2;20091;M;11;TULUÁ;31;-;NO DESERTOR;NO;0;NO DEFINIDO;Si;50,95;0;0;0;0
2;20091;M;11;ANDALUCÍA;32;-;NO DESERTOR;NO;0;NO DEFINIDO;NO;50,95;0;1;0;1
2;20091;F;11;BUENAVENTURA;35;-;NO DESERTOR;NO;0;NO DEFINIDO;Si;50,95;0;1;0;1
2;20121;M;3;TULUÁ;36;-;NO DESERTOR;NO;0;NO DEFINIDO;Si;46,88;0;2;1;1
2;20121;F;5;ANDALUCÍA;29;-;NO DESERTOR;NO;0;NO DEFINIDO;NO;46,72;0;2;1;1
2;20121;F;2;FUNES;27;-;NO DESERTOR;NO;0;MAS DE 2 Y MENOS DE 4 SALARIOS MINIMOS;Si;56;0;6;5;1
2;20051;M;7;RIOFRÍO;42;-;NO DESERTOR;NO;0;NO DEFINIDO;NO;50,95;1;2;1;1
2;20121;M;5;TULUÁ;31;-;NO DESERTOR;NO;0;MAS DE 2 Y MENOS DE 4 SALARIOS MINIMOS;Si;47,27;0;2;1;1
2;20121;M;1;BUGALAGRANDE;28;-;NO DESERTOR;NO;0;MAS DE 2 Y MENOS DE 4 SALARIOS MINIMOS;NO;43,6;1;5;4;1
2;20121;M;3;BUENAVENTURA;29;-;NO DESERTOR;NO;0;NO DEFINIDO;Si;45,45;2;2;1;1
2;20121;M;3;TULUÁ;27;-;NO DESERTOR;NO;0;MAS DE 2 Y MENOS DE 4 SALARIOS MINIMOS;Si;54,8;0;3;1;2
2;20121;M;3;BUENAVENTURA;26;-;NO DESERTOR;NO;0;DOS SALARIOS MÍNIMOS O MENOS;Si;43;1;2;1;1
2;20121;M;5;BUENAVENTURA;27;-;NO DESERTOR;NO;0;MAS DE 2 Y MENOS DE 4 SALARIOS MINIMOS;NO;46,2;0;2;1;1
2;20121;F;1;GUADALAJARA DE BUGA;27;-;NO DESERTOR;NO;3;DOS SALARIOS MÍNIMOS O MENOS;NO;50,95;2;8;7;1
2;20121;M;6;TULUÁ;28;-;NO DESERTOR;NO;0;NO DEFINIDO;NO;47,12;0;1;0;1
2;20121;M;2;TULUÁ;27;-;NO DESERTOR;NO;0;DOS SALARIOS MÍNIMOS O MENOS;NO;46,28;0;6;5;1
2;20121;M;1;TRUJILLO;27;-;NO DESERTOR;NO;0;DOS SALARIOS MÍNIMOS O MENOS;NO;51,68;0;5;4;1
2;20121;M;6;TULUÁ;30;-;NO DESERTOR;NO;0;NO DEFINIDO;NO;50,95;0;1;0;1
2;20121;M;5;TULUÁ;28;-;NO DESERTOR;NO;2;MAS DE 2 Y MENOS DE 4 SALARIOS MINIMOS;NO;61,4;0;2;1;1
2;20121;M;3;TULUÁ;28;-;NO DESERTOR;SI;1;MAS DE 2 Y MENOS DE 4 SALARIOS MINIMOS;NO;47,28;1;2;1;1
2;20121;M;2;TULUÁ;26;-;NO DESERTOR;NO;0;MAS DE 2 Y MENOS DE 4 SALARIOS MINIMOS;Si;49,68;1;6;5;1
2;20121;F;2;BUENAVENTURA;26;-;NO DESERTOR;SI;3;DOS SALARIOS MÍNIMOS O MENOS;Si;45,96;2;5;4;1
2;20121;F;2;BUENAVENTURA;25;-;NO DESERTOR;NO;0;DOS SALARIOS MÍNIMOS O MENOS;NO;40,56;1;8;7;1
2;20121;F;2;TULUÁ;28;-;NO DESERTOR;NO;0;MAS DE 2 Y MENOS DE 4 SALARIOS MINIMOS;NO;45;0;2;1;1
2;20121;M;3;GUADALAJARA DE BUGA;34;-;NO DESERTOR;NO;0;NO DEFINIDO;NO;50,95;3;1;1;0
2;20091;F;11;TULUÁ;36;-;NO DESERTOR;NO;0;NO DEFINIDO;Si;50,95;0;1;0;1
2;20121;F;4;ANDALUCÍA;27;-;NO DESERTOR;NO;0;DOS SALARIOS MÍNIMOS O MENOS;NO;43,12;1;2;1;1
2;20121;M;3;BUENAVENTURA;31;-;NO DESERTOR;NO;5;NO DEFINIDO;NO;38,05;2;2;1;1
2;20121;M;1;TULUÁ;27;-;NO DESERTOR;SI;0;MAS DE 2 Y MENOS DE 4 SALARIOS MINIMOS;NO;42,56;1;6;5;1
2;20091;F;8;TULUÁ;29;-;NO DESERTOR;NO;0;NO DEFINIDO;Si;50,95;1;3;2;1
2;20121;F;2;TULUÁ;27;-;NO DESERTOR;NO;0;DOS SALARIOS MÍNIMOS O MENOS;Si;44,36;0;6;5;1
2;20091;F;8;BUENAVENTURA;29;-;NO DESERTOR;NO;0;NO DEFINIDO;Si;41,25;0;3;1;2
2;20121;M;3;GUADALAJARA DE BUGA;31;-;NO DESERTOR;NO;1;MAS DE 2 Y MENOS DE 4 SALARIOS MINIMOS;NO;43,03;0;2;1;1
2;20121;M;1;TULUÁ;26;-;NO DESERTOR;NO;0;MAS DE 2 Y MENOS DE 4 SALARIOS MINIMOS;Si;49,68;0;7;6;1
2;20091;F;9;GUACARÍ;31;-;NO DESERTOR;NO;0;NO DEFINIDO;Si;50,95;0;2;0;2
2;20121;F;3;ANDALUCÍA;31;-;NO DESERTOR;NO;0;DOS SALARIOS MÍNIMOS O MENOS;Si;50,68;0;2;1;1
2;20051;M;6;GUADALAJARA DE BUGA;30;-;NO DESERTOR;NO;1;NO DEFINIDO;NO;49,17;2;2;1;1
2;20121;F;3;GUADALAJARA DE BUGA;27;-;NO DESERTOR;NO;0;MAS DE 4 Y MENOS DE 6 SALARIOS MINIMOS;Si;44,64;0;4;3;1
1;20091;M;8;TULUÁ;31;-;NO DESERTOR;NO;0;NO DEFINIDO;Si;50,95;0;2;0;2
1;20121;M;3;BARRAGAN;27;-;NO DESERTOR;NO;2;DOS SALARIOS MÍNIMOS O MENOS;NO;42,44;0;2;1;1
1;20121;F;1;TULUÁ;27;-;NO DESERTOR;NO;0;MAS DE 2 Y MENOS DE 4 SALARIOS MINIMOS;NO;52,6;0;5;4;1
1;20091;F;3;TULUÁ;30;-;NO DESERTOR;NO;0;NO DEFINIDO;NO;50,95;0;1;0;1
1;20121;M;1;ANDALUCÍA;27;-;NO DESERTOR;NO;0;DOS SALARIOS MÍNIMOS O MENOS;NO;47,72;0;6;5;1
1;20121;M;4;TULUÁ;28;-;NO DESERTOR;NO;0;DOS SALARIOS MÍNIMOS O MENOS;NO;50,95;0;1;0;1
1;20121;M;2;TULUÁ;27;-;NO DESERTOR;NO;0;MAS DE 4 Y MENOS DE 6 SALARIOS MINIMOS;Si;44,76;1;2;1;1
1;20091;F;7;GUADALAJARA DE BUGA;34;-;NO DESERTOR;NO;0;NO DEFINIDO;NO;50,95;1;4;2;2
1;20091;F;8;ORITO;42;-;NO DESERTOR;NO;0;NO DEFINIDO;Si;50,95;0;1;0;1
1;20121;F;3;TULUÁ;27;-;NO DESERTOR;NO;0;DOS SALARIOS MÍNIMOS O MENOS;Si;48,44;0;4;3;1
1;20091;F;7;TULUÁ;31;-;NO DESERTOR;NO;0;NO DEFINIDO;Si;50,95;0;1;0;1
1;20091;M;4;GUADALAJARA DE BUGA;30;-;NO DESERTOR;NO;0;NO DEFINIDO;NO;50,95;2;2;1;1
1;20121;F;3;SAN PEDRO;26;-;NO DESERTOR;NO;0;MAS DE 2 Y MENOS DE 4 SALARIOS MINIMOS;NO;47,08;0;2;1;1
1;20121;M;1;GUADALAJARA DE BUGA;30;-;NO DESERTOR;NO;0;MAS DE 2 Y MENOS DE 4 SALARIOS MINIMOS;NO;46,07;1;7;6;1
1;20091;M;3;TULUÁ;31;-;NO DESERTOR;NO;0;NO DEFINIDO;Si;50,95;0;1;0;1
1;20121;M;2;TULUÁ;27;-;NO DESERTOR;NO;0;MAS DE 2 Y MENOS DE 4 SALARIOS MINIMOS;NO;46,08;2;3;2;1
1;20091;M;11;GUADALAJARA DE BUGA;32;-;NO DESERTOR;NO;0;NO DEFINIDO;Si;50,95;0;1;0;1
1;20091;M;8;TULUÁ;31;-;NO DESERTOR;NO;0;NO DEFINIDO;Si;50,95;0;1;0;1
1;20091;M;9;TULUÁ;29;-;NO DESERTOR;NO;0;NO DEFINIDO;Si;50,95;0;1;0;1
1;20121;M;5;TULUÁ;28;-;NO DESERTOR;NO;0;NO DEFINIDO;Si;39,88;0;3;2;1
1;20121;M;2;SAN PEDRO;30;-;NO DESERTOR;NO;2;MAS DE 2 Y MENOS DE 4 SALARIOS MINIMOS;NO;48,14;0;3;2;1
1;20121;M;1;TULUÁ;28;-;NO DESERTOR;NO;0;MAS DE 4 Y MENOS DE 6 SALARIOS MINIMOS;Si;48,44;1;5;4;1
1;20121;M;5;TULUÁ;28;-;NO DESERTOR;NO;1;NO DEFINIDO;Si;50,95;0;1;0;1
1;20121;M;1;TULUÁ;26;-;NO DESERTOR;NO;0;MAS DE 4 Y MENOS DE 6 SALARIOS MINIMOS;Si;54,6;0;7;6;1
1;20091;M;9;TULUÁ;31;-;NO DESERTOR;NO;0;NO DEFINIDO;Si;50,95;0;1;0;1
1;20121;M;2;SAN PEDRO;28;INACTIVIDAD ACADEMICA;DESERTOR;NO;2;DOS SALARIOS MÍNIMOS O MENOS;NO;50,95;2;2;1;1
1;20091;M;8;TULUÁ;30;-;NO DESERTOR;NO;1;NO DEFINIDO;Si;50,95;0;0;0;0
1;20121;M;2;TULUÁ;30;-;NO DESERTOR;NO;0;DOS SALARIOS MÍNIMOS O MENOS;NO;44,44;1;2;1;1
1;20121;M;2;GUADALAJARA DE BUGA;27;-;NO DESERTOR;NO;0;MAS DE 2 Y MENOS DE 4 SALARIOS MINIMOS;Si;46,48;1;2;1;1
1;20091;M;6;SEVILLA;34;-;NO DESERTOR;NO;0;NO DEFINIDO;Si;50,95;0;2;1;1
1;20121;M;4;TULUÁ;30;-;NO DESERTOR;NO;0;MAS DE 2 Y MENOS DE 4 SALARIOS MINIMOS;Si;53,94;1;5;4;1
1;20091;M;11;TULUÁ;34;-;NO DESERTOR;NO;0;NO DEFINIDO;Si;50,95;0;1;0;1
1;20121;M;3;BUGALAGRANDE;28;-;NO DESERTOR;NO;0;DOS SALARIOS MÍNIMOS O MENOS;NO;46;3;2;1;1
1;20051;F;6;ANDALUCÍA;34;-;NO DESERTOR;NO;0;NO DEFINIDO;NO;50,95;0;1;0;1
1;20121;F;3;SEVILLA;28;-;NO DESERTOR;NO;0;NO DEFINIDO;NO;41,24;1;2;1;1
1;20121;F;1;ANDALUCÍA;25;-;NO DESERTOR;NO;0;MAS DE 2 Y MENOS DE 4 SALARIOS MINIMOS;NO;51,76;0;5;4;1
1;20121;F;1;TULUÁ;32;-;NO DESERTOR;NO;0;MAS DE 2 Y MENOS DE 4 SALARIOS MINIMOS;NO;42,17;1;5;4;1
1;20091;F;8;TULUÁ;30;-;NO DESERTOR;NO;0;NO DEFINIDO;NO;50,95;0;2;0;2
1;20091;M;7;TULUÁ;40;-;NO DESERTOR;NO;0;NO DEFINIDO;Si;50,95;0;1;0;1
1;20091;M;7;TULUÁ;32;-;NO DESERTOR;NO;0;NO DEFINIDO;Si;50,95;0;1;0;1
1;20091;F;9;GUADALAJARA DE BUGA;36;-;NO DESERTOR;NO;0;NO DEFINIDO;Si;50,95;0;1;0;1
1;20121;M;4;ANDALUCÍA;27;-;NO DESERTOR;NO;0;DOS SALARIOS MÍNIMOS O MENOS;Si;50,95;0;1;0;1
1;20121;M;1;TULUÁ;26;-;NO DESERTOR;NO;0;MAS DE 2 Y MENOS DE 4 SALARIOS MINIMOS;Si;42,12;0;7;5;2
1;20091;M;11;TULUÁ;34;-;NO DESERTOR;NO;0;NO DEFINIDO;Si;50,95;0;0;0;0
1;20091;M;6;GUADALAJARA DE BUGA;33;-;NO DESERTOR;NO;0;NO DEFINIDO;Si;50,95;0;1;0;1
1;20091;M;8;BUENAVENTURA;28;-;NO DESERTOR;NO;0;NO DEFINIDO;Si;50,95;0;1;0;1
1;20121;M;4;BUGALAGRANDE;29;-;NO DESERTOR;NO;0;NO DEFINIDO;Si;50,83;0;2;1;1
1;20091;M;11;TULUÁ;31;-;NO DESERTOR;NO;0;NO DEFINIDO;Si;50,95;0;2;0;2
1;20121;M;1;TULUÁ;30;-;NO DESERTOR;NO;0;MAS DE 4 Y MENOS DE 6 SALARIOS MINIMOS;Si;46,51;1;5;4;1
1;20091;M;9;GUADALAJARA DE BUGA;32;-;NO DESERTOR;NO;0;NO DEFINIDO;Si;50,95;0;1;0;1
1;20091;F;7;GUADALAJARA DE BUGA;29;-;NO DESERTOR;NO;0;NO DEFINIDO;NO;50,95;0;2;1;1
1;20121;F;4;TULUÁ;28;-;NO DESERTOR;NO;0;DOS SALARIOS MÍNIMOS O MENOS;NO;50,32;0;5;3;2
1;20121;F;1;TULUÁ;26;-;NO DESERTOR;NO;0;DOS SALARIOS MÍNIMOS O MENOS;NO;48,64;1;6;5;1
1;20121;F;1;TULUÁ;27;-;NO DESERTOR;NO;2;MAS DE 2 Y MENOS DE 4 SALARIOS MINIMOS;NO;50,95;0;6;5;1
1;20121;F;1;TULUÁ;27;-;NO DESERTOR;NO;2;DOS SALARIOS MÍNIMOS O MENOS;NO;40,36;1;6;5;1
1;20121;F;1;TULUÁ;26;-;NO DESERTOR;NO;0;DOS SALARIOS MÍNIMOS O MENOS;NO;50,95;0;5;4;1
1;20121;M;3;CALI;27;-;NO DESERTOR;NO;2;MAS DE 2 Y MENOS DE 4 SALARIOS MINIMOS;Si;50,95;0;0;0;0
1;20121;M;1;TULUÁ;27;INACTIVIDAD ACADEMICA;DESERTOR;NO;0;DOS SALARIOS MÍNIMOS O MENOS;NO;50,95;1;5;4;1
1;20121;F;4;TULUÁ;33;-;NO DESERTOR;NO;0;DOS SALARIOS MÍNIMOS O MENOS;Si;50,1;1;2;1;1
1;20091;M;9;CALI;30;-;NO DESERTOR;NO;0;NO DEFINIDO;Si;50,95;0;2;0;2
1;20121;M;3;GUADALAJARA DE BUGA;27;-;NO DESERTOR;NO;0;DOS SALARIOS MÍNIMOS O MENOS;Si;47,56;1;2;1;1
1;20121;M;2;TULUÁ;31;-;NO DESERTOR;NO;2;DOS SALARIOS MÍNIMOS O MENOS;Si;50,95;0;3;2;1
1;20121;M;2;GUADALAJARA DE BUGA;28;-;NO DESERTOR;NO;0;DOS SALARIOS MÍNIMOS O MENOS;Si;46,16;0;2;1;1
1;20091;M;8;TULUÁ;31;-;NO DESERTOR;NO;0;NO DEFINIDO;Si;50,95;0;2;0;2
1;20091;M;5;TULUÁ;30;-;NO DESERTOR;NO;0;NO DEFINIDO;Si;50,95;1;2;1;1
1;20091;F;9;TRUJILLO;29;-;NO DESERTOR;NO;0;NO DEFINIDO;Si;50,95;0;2;1;1
1;20121;F;4;TULUÁ;31;-;NO DESERTOR;NO;0;DOS SALARIOS MÍNIMOS O MENOS;Si;46,78;2;3;2;1
1;20121;F;3;TULUÁ;28;-;NO DESERTOR;NO;2;DOS SALARIOS MÍNIMOS O MENOS;Si;51,72;0;2;1;1
1;20051;F;5;GUADALAJARA DE BUGA;34;-;NO DESERTOR;NO;0;NO DEFINIDO;Si;50,95;0;2;1;1
1;20091;F;4;GUADALAJARA DE BUGA;29;-;NO DESERTOR;NO;0;NO DEFINIDO;Si;49,1;1;2;1;1
1;20121;F;3;TULUÁ;28;-;NO DESERTOR;NO;0;DOS SALARIOS MÍNIMOS O MENOS;Si;48,68;0;4;2;2
1;20091;M;8;TULUÁ;30;-;NO DESERTOR;NO;0;NO DEFINIDO;Si;50,95;0;1;0;1
1;20121;M;2;LA UNIÓN;29;-;NO DESERTOR;NO;0;MAS DE 4 Y MENOS DE 6 SALARIOS MINIMOS;NO;39,92;1;2;1;1
1;20121;M;2;TULUÁ;28;INACTIVIDAD ACADEMICA;DESERTOR;NO;2;DOS SALARIOS MÍNIMOS O MENOS;NO;50,95;0;0;0;0
1;20121;M;2;TULUÁ;30;-;NO DESERTOR;NO;0;MAS DE 4 Y MENOS DE 6 SALARIOS MINIMOS;NO;45,69;1;2;1;1
1;20121;M;3;TULUÁ;30;-;NO DESERTOR;NO;0;MAS DE 2 Y MENOS DE 4 SALARIOS MINIMOS;NO;47,54;3;2;1;1
1;20121;M;2;TULUÁ;30;-;NO DESERTOR;NO;0;NO DEFINIDO;NO;44,1;3;2;1;1
1;20121;M;3;ANDALUCÍA;28;-;NO DESERTOR;NO;0;NO DEFINIDO;NO;52,6;1;2;1;1
1;20121;M;2;AIPE;31;-;NO DESERTOR;NO;0;DOS SALARIOS MÍNIMOS O MENOS;Si;49,26;0;2;1;1
1;20091;M;8;TULUÁ;32;-;NO DESERTOR;NO;0;NO DEFINIDO;Si;50,95;0;1;0;1
1;20121;M;4;BUENAVENTURA;30;-;NO DESERTOR;NO;0;DOS SALARIOS MÍNIMOS O MENOS;NO;50,95;2;2;1;1
1;20091;F;7;TULUÁ;30;-;NO DESERTOR;NO;0;NO DEFINIDO;NO;50,95;0;3;1;2
1;20091;F;7;ZARZAL;30;-;NO DESERTOR;NO;0;NO DEFINIDO;NO;50,95;0;1;0;1
1;20121;F;2;TULUÁ;27;INACTIVIDAD ACADEMICA;DESERTOR;NO;2;DOS SALARIOS MÍNIMOS O MENOS;NO;50,95;4;1;1;0
1;20121;F;3;SEVILLA;29;-;NO DESERTOR;NO;0;NO DEFINIDO;NO;41,44;0;2;1;1
1;20091;F;8;TULUÁ;32;-;NO DESERTOR;NO;0;NO DEFINIDO;Si;50,95;0;1;0;1
1;20121;M;1;TULUÁ;26;-;NO DESERTOR;NO;0;DOS SALARIOS MÍNIMOS O MENOS;NO;42,32;1;8;7;1
1;20091;M;6;TULUÁ;30;-;NO DESERTOR;NO;0;NO DEFINIDO;NO;50,95;0;1;0;1
1;20051;F;10;TULUÁ;33;-;NO DESERTOR;NO;0;NO DEFINIDO;NO;50,95;0;1;0;1
1;20121;M;4;TULUÁ;28;-;NO DESERTOR;NO;0;NO DEFINIDO;Si;65,17;0;3;2;1
1;20091;M;9;TULUÁ;30;-;NO DESERTOR;NO;0;NO DEFINIDO;Si;50,95;0;1;0;1
1;20121;M;2;TULUÁ;30;-;NO DESERTOR;NO;0;MAS DE 2 Y MENOS DE 4 SALARIOS MINIMOS;NO;42,08;1;2;1;1
1;20121;M;3;TULUÁ;29;-;NO DESERTOR;NO;0;NO DEFINIDO;NO;50,95;0;1;0;1
1;20051;M;8;GUADALAJARA DE BUGA;37;-;NO DESERTOR;NO;0;NO DEFINIDO;Si;50,95;0;2;1;1
1;20091;M;7;TULUÁ;29;-;NO DESERTOR;NO;1;NO DEFINIDO;Si;50,95;0;1;0;1
1;20051;M;10;LA UNIÓN;33;-;NO DESERTOR;NO;0;NO DEFINIDO;NO;50,95;0;2;0;2
1;20091;M;5;TULUÁ;29;-;NO DESERTOR;NO;0;NO DEFINIDO;Si;48,16;3;1;1;0
1;20121;F;4;YOTOCO;28;-;NO DESERTOR;NO;2;NO DEFINIDO;Si;50,95;2;2;1;1
1;20121;F;2;TULUÁ;28;-;NO DESERTOR;NO;2;MAS DE 4 Y MENOS DE 6 SALARIOS MINIMOS;Si;43,2;0;2;1;1
1;20121;M;3;TULUÁ;28;-;NO DESERTOR;NO;0;NO DEFINIDO;NO;37,8;2;2;1;1
1;20121;M;3;TULUÁ;30;-;NO DESERTOR;NO;0;NO DEFINIDO;NO;50,95;0;0;0;0
1;20051;M;7;TULUÁ;35;-;NO DESERTOR;NO;0;NO DEFINIDO;Si;50,95;0;1;0;1
1;20121;M;1;TULUÁ;28;-;NO DESERTOR;NO;0;DOS SALARIOS MÍNIMOS O MENOS;NO;56,8;1;6;5;1
1;20121;M;4;TULUÁ;28;-;NO DESERTOR;NO;1;NO DEFINIDO;Si;44,36;3;2;1;1
1;20121;M;3;TULUÁ;31;-;NO DESERTOR;NO;2;DOS SALARIOS MÍNIMOS O MENOS;NO;43,84;2;2;1;1
1;20091;M;11;TULUÁ;31;-;NO DESERTOR;NO;0;NO DEFINIDO;NO;50,95;0;1;0;1
1;20121;F;2;TULUÁ;29;-;NO DESERTOR;NO;0;MAS DE 2 Y MENOS DE 4 SALARIOS MINIMOS;NO;50,95;2;4;3;1
1;20091;F;5;TULUÁ;38;-;NO DESERTOR;SI;0;NO DEFINIDO;Si;50,95;0;1;0;1
1;20091;F;9;TULUÁ;30;-;NO DESERTOR;NO;0;NO DEFINIDO;NO;50,95;0;2;0;2
1;20121;F;4;TULUÁ;29;-;NO DESERTOR;NO;0;MAS DE 2 Y MENOS DE 4 SALARIOS MINIMOS;NO;51,68;0;2;1;1
1;20121;F;1;TULUÁ;27;INACTIVIDAD ACADEMICA;DESERTOR;NO;0;MAS DE 4 Y MENOS DE 6 SALARIOS MINIMOS;NO;50,95;0;1;0;1
1;20121;F;1;BUGALAGRANDE;28;-;NO DESERTOR;NO;0;DOS SALARIOS MÍNIMOS O MENOS;NO;50,95;0;4;4;0
1;20121;M;3;TULUÁ;28;-;NO DESERTOR;NO;0;NO DEFINIDO;Si;50,95;0;1;0;1
1;20121;M;3;GUADALAJARA DE BUGA;29;-;NO DESERTOR;NO;1;DOS SALARIOS MÍNIMOS O MENOS;NO;66,44;0;2;1;1
1;20121;M;1;TULUÁ;31;-;NO DESERTOR;NO;0;MAS DE 2 Y MENOS DE 4 SALARIOS MINIMOS;Si;46,17;1;6;5;1
1;20121;M;1;TULUÁ;27;-;NO DESERTOR;NO;0;DOS SALARIOS MÍNIMOS O MENOS;NO;42,76;1;6;6;0
1;20121;M;2;BUENAVENTURA;29;-;NO DESERTOR;NO;0;DOS SALARIOS MÍNIMOS O MENOS;Si;46,44;0;2;1;1
1;20091;M;7;GUADALAJARA DE BUGA;28;-;NO DESERTOR;NO;0;NO DEFINIDO;NO;50,95;0;1;0;1
1;20121;F;1;ROLDANILLO;26;-;NO DESERTOR;NO;0;MAS DE 4 Y MENOS DE 6 SALARIOS MINIMOS;NO;41,76;1;6;5;1
1;20051;F;6;TULUÁ;28;-;NO DESERTOR;NO;0;NO DEFINIDO;NO;58,81;0;3;2;1
1;20091;F;8;BUGALAGRANDE;30;-;NO DESERTOR;NO;0;NO DEFINIDO;Si;50,95;0;2;0;2
1;20091;F;7;LA VICTORIA;30;-;NO DESERTOR;NO;0;NO DEFINIDO;Si;45,49;0;4;2;2
1;20121;M;1;TULUÁ;29;-;NO DESERTOR;NO;3;MAS DE 4 Y MENOS DE 6 SALARIOS MINIMOS;Si;39,36;0;8;6;2
1;20121;M;3;YOTOCO;28;-;NO DESERTOR;NO;0;DOS SALARIOS MÍNIMOS O MENOS;NO;53,84;0;2;1;1
1;20091;M;9;GUADALAJARA DE BUGA;34;-;NO DESERTOR;SI;1;NO DEFINIDO;NO;50,95;0;3;1;2
1;20091;M;8;TULUÁ;31;-;NO DESERTOR;NO;0;NO DEFINIDO;Si;50,95;0;2;1;1
1;20121;M;3;TULUÁ;28;-;NO DESERTOR;NO;2;DOS SALARIOS MÍNIMOS O MENOS;Si;41,48;0;2;1;1
1;20121;M;2;CALI;27;INACTIVIDAD ACADEMICA;DESERTOR;NO;0;DOS SALARIOS MÍNIMOS O MENOS;NO;50,95;0;0;0;0
1;20091;M;5;BUGALAGRANDE;28;-;NO DESERTOR;NO;1;NO DEFINIDO;Si;50,95;0;2;1;1
1;20121;M;2;ANDALUCÍA;27;-;NO DESERTOR;NO;1;DOS SALARIOS MÍNIMOS O MENOS;Si;50,28;1;2;1;1
1;20121;M;2;GUADALAJARA DE BUGA;29;-;NO DESERTOR;SI;0;NO DEFINIDO;NO;46,92;1;3;3;0
1;20091;M;6;TULUÁ;31;-;NO DESERTOR;NO;0;NO DEFINIDO;Si;50,95;0;1;0;1
1;20121;M;1;TULUÁ;27;-;NO DESERTOR;NO;0;MAS DE 2 Y MENOS DE 4 SALARIOS MINIMOS;Si;49,56;1;6;5;1
1;20121;M;3;TULUÁ;32;-;NO DESERTOR;NO;2;MAS DE 6 Y MENOS DE 8 SALARIOS MINIMOS;NO;50,95;0;0;0;0
1;20091;M;8;LA PAILA - ZARZAL;30;-;NO DESERTOR;NO;0;NO DEFINIDO;Si;50,95;0;1;0;1
1;20121;M;3;TULUÁ;29;INACTIVIDAD ACADEMICA;DESERTOR;NO;0;MAS DE 6 Y MENOS DE 8 SALARIOS MINIMOS;NO;50,95;4;2;1;1
1;20091;M;5;TULUÁ;30;-;NO DESERTOR;NO;0;NO DEFINIDO;Si;50,95;0;1;0;1
1;20091;M;9;TULUÁ;33;-;NO DESERTOR;NO;0;NO DEFINIDO;Si;50,95;0;1;0;1
1;20121;M;1;TULUÁ;25;-;NO DESERTOR;NO;0;DOS SALARIOS MÍNIMOS O MENOS;Si;48,12;0;5;4;1
1;20091;M;6;LA VICTORIA;32;-;NO DESERTOR;NO;0;NO DEFINIDO;Si;50,95;1;3;1;2
1;20051;M;10;BUGALAGRANDE;34;-;NO DESERTOR;NO;0;NO DEFINIDO;Si;50,95;0;1;0;1
1;20121;M;2;GUADALAJARA DE BUGA;27;-;NO DESERTOR;NO;2;DOS SALARIOS MÍNIMOS O MENOS;NO;40,52;2;5;4;1
1;20121;M;1;TULUÁ;26;-;NO DESERTOR;NO;0;DOS SALARIOS MÍNIMOS O MENOS;NO;50,95;0;6;5;1
1;20121;M;2;TULUÁ;31;INACTIVIDAD ACADEMICA;DESERTOR;SI;2;MAS DE 2 Y MENOS DE 4 SALARIOS MINIMOS;NO;50,95;0;0;0;0
1;20121;M;3;TULUÁ;27;-;NO DESERTOR;NO;0;DOS SALARIOS MÍNIMOS O MENOS;Si;40,44;3;2;1;1
1;20121;M;4;ANDALUCÍA;29;INACTIVIDAD ACADEMICA;DESERTOR;NO;0;NO DEFINIDO;NO;50,95;2;1;1;0
1;20121;M;3;TULUÁ;28;-;NO DESERTOR;NO;0;NO DEFINIDO;Si;60,76;0;2;1;1
1;20121;M;3;TULUÁ;31;-;NO DESERTOR;NO;1;NO DEFINIDO;NO;48,73;1;3;1;2
1;20121;M;3;TULUÁ;30;-;NO DESERTOR;NO;0;NO DEFINIDO;Si;45,56;2;3;2;1
1;20121;M;4;ANDALUCÍA;28;-;NO DESERTOR;NO;0;NO DEFINIDO;Si;55,72;0;2;1;1
1;20121;M;3;GUADALAJARA DE BUGA;28;-;NO DESERTOR;NO;0;DOS SALARIOS MÍNIMOS O MENOS;Si;53,2;0;2;1;1
1;20121;M;3;TULUÁ;28;-;NO DESERTOR;NO;1;MAS DE 2 Y MENOS DE 4 SALARIOS MINIMOS;Si;49,84;0;4;2;2
1;20121;M;2;BUGALAGRANDE;30;-;NO DESERTOR;SI;0;DOS SALARIOS MÍNIMOS O MENOS;NO;49,17;3;3;2;1
1;20121;M;2;TULUÁ;27;-;NO DESERTOR;NO;0;MAS DE 6 Y MENOS DE 8 SALARIOS MINIMOS;Si;50,08;0;3;2;1
1;20121;M;2;BUGALAGRANDE;28;-;NO DESERTOR;NO;2;DOS SALARIOS MÍNIMOS O MENOS;NO;50,95;2;1;1;0
1;20121;M;1;TULUÁ;26;-;NO DESERTOR;NO;4;MAS DE 2 Y MENOS DE 4 SALARIOS MINIMOS;NO;53,72;1;7;6;1
1;20121;M;1;TULUÁ;30;-;NO DESERTOR;NO;0;MAS DE 2 Y MENOS DE 4 SALARIOS MINIMOS;Si;52,2;0;6;5;1
1;20121;M;1;TULUÁ;27;-;NO DESERTOR;NO;0;MAS DE 4 Y MENOS DE 6 SALARIOS MINIMOS;NO;50,95;1;4;4;0
1;20091;M;7;LA UNIÓN;31;-;NO DESERTOR;NO;0;NO DEFINIDO;Si;50,95;0;1;0;1
1;20091;M;8;TULUÁ;31;-;NO DESERTOR;NO;0;NO DEFINIDO;Si;50,95;0;1;0;1
1;20051;M;5;BUGALAGRANDE;29;-;NO DESERTOR;NO;0;NO DEFINIDO;Si;49,33;0;2;1;1
1;20121;M;2;TULUÁ;28;-;NO DESERTOR;NO;0;DOS SALARIOS MÍNIMOS O MENOS;NO;43,56;2;2;1;1
1;20121;M;2;GUADALAJARA DE BUGA;28;-;NO DESERTOR;NO;0;DOS SALARIOS MÍNIMOS O MENOS;Si;53,45;0;2;1;1
1;20121;M;4;TULUÁ;33;-;NO DESERTOR;NO;0;NO DEFINIDO;Si;50,95;0;1;0;1
1;20091;M;9;SAN PEDRO;31;-;NO DESERTOR;NO;0;NO DEFINIDO;Si;50,95;0;1;0;1
1;20051;M;10;BUGALAGRANDE;32;-;NO DESERTOR;NO;0;NO DEFINIDO;Si;50,95;0;1;0;1
1;20091;M;9;TULUÁ;30;-;NO DESERTOR;NO;0;NO DEFINIDO;Si;50,95;0;2;0;2
1;20121;M;3;TULUÁ;30;-;NO DESERTOR;NO;2;NO DEFINIDO;NO;50,95;0;1;0;1
1;20121;M;5;TULUÁ;30;-;NO DESERTOR;NO;0;NO DEFINIDO;NO;50,95;0;3;1;2
1;20121;M;5;TULUÁ;28;-;NO DESERTOR;NO;0;NO DEFINIDO;Si;50,95;0;1;0;1
1;20121;M;4;TULUÁ;29;-;NO DESERTOR;NO;2;MAS DE 2 Y MENOS DE 4 SALARIOS MINIMOS;Si;50,95;0;2;1;1
1;20121;M;4;BUGALAGRANDE;27;-;NO DESERTOR;NO;2;NO DEFINIDO;NO;50,95;2;1;1;0
1;20121;M;3;BUGALAGRANDE;29;-;NO DESERTOR;NO;0;MAS DE 4 Y MENOS DE 6 SALARIOS MINIMOS;NO;46,48;1;2;1;1
1;20121;M;1;TULUÁ;27;-;NO DESERTOR;NO;0;DOS SALARIOS MÍNIMOS O MENOS;NO;50,95;1;7;6;1
1;20121;M;1;MEDELLÍN;28;-;NO DESERTOR;NO;0;MAS DE 2 Y MENOS DE 4 SALARIOS MINIMOS;NO;43,56;1;5;4;1
1;20121;M;3;TULUÁ;28;-;NO DESERTOR;NO;1;DOS SALARIOS MÍNIMOS O MENOS;Si;41,8;0;3;2;1
1;20121;M;1;TULUÁ;28;INACTIVIDAD ACADEMICA;DESERTOR;NO;2;MAS DE 4 Y MENOS DE 6 SALARIOS MINIMOS;NO;50,95;1;4;4;0
1;20121;M;1;TULUÁ;28;-;NO DESERTOR;NO;2;MAS DE 2 Y MENOS DE 4 SALARIOS MINIMOS;NO;43,68;1;5;4;1
1;20091;F;7;TULUÁ;29;-;NO DESERTOR;NO;0;NO DEFINIDO;NO;50,95;0;4;3;1
1;20121;F;5;TRUJILLO;28;-;NO DESERTOR;NO;0;NO DEFINIDO;NO;42,08;0;3;2;1
1;20121;F;2;TULUÁ;28;-;NO DESERTOR;NO;1;DOS SALARIOS MÍNIMOS O MENOS;NO;46,44;0;3;1;2
1;20121;F;1;TULUÁ;26;-;NO DESERTOR;NO;0;MAS DE 2 Y MENOS DE 4 SALARIOS MINIMOS;NO;51,32;0;6;5;1
1;20091;M;5;LETICIA;33;-;NO DESERTOR;NO;0;NO DEFINIDO;Si;50,95;0;2;1;1
1;20091;M;7;TULUÁ;31;-;NO DESERTOR;NO;0;NO DEFINIDO;Si;50,95;0;1;0;1
1;20091;M;9;TULUÁ;36;-;NO DESERTOR;NO;0;NO DEFINIDO;Si;50,95;0;1;0;1
1;20121;M;8;ANDALUCÍA;38;-;NO DESERTOR;NO;0;NO DEFINIDO;Si;49,68;1;2;1;1
1;20091;M;3;TULUÁ;29;INACTIVIDAD ACADEMICA;DESERTOR;NO;0;NO DEFINIDO;NO;50,95;0;0;0;0
1;20091;F;11;TULUÁ;33;-;NO DESERTOR;NO;0;NO DEFINIDO;Si;50,95;0;1;0;1
1;20091;F;7;GUADALAJARA DE BUGA;30;-;NO DESERTOR;NO;0;NO DEFINIDO;Si;50,95;0;2;0;2
1;20091;F;11;BUGALAGRANDE;31;-;NO DESERTOR;NO;0;NO DEFINIDO;Si;50,95;0;1;0;1
1;20121;M;5;TULUÁ;31;-;NO DESERTOR;NO;0;NO DEFINIDO;NO;50,95;0;2;0;2
1;20121;M;4;BUENAVENTURA;29;-;NO DESERTOR;NO;2;DOS SALARIOS MÍNIMOS O MENOS;Si;37,36;1;2;1;1
1;20051;M;5;GUADALAJARA DE BUGA;28;-;NO DESERTOR;NO;0;NO DEFINIDO;Si;55,99;0;3;2;1
1;20121;M;2;TULUÁ;27;-;NO DESERTOR;NO;3;DOS SALARIOS MÍNIMOS O MENOS;Si;38,56;0;2;1;1
1;20121;F;6;TULUÁ;31;-;NO DESERTOR;NO;0;NO DEFINIDO;NO;50,95;0;1;0;1
1;20121;F;4;TULUÁ;29;-;NO DESERTOR;NO;0;NO DEFINIDO;NO;49,48;1;2;1;1
1;20121;F;1;TULUÁ;26;-;NO DESERTOR;NO;2;MAS DE 2 Y MENOS DE 4 SALARIOS MINIMOS;NO;37,24;1;5;4;1
1;20121;F;4;BUENAVENTURA;27;-;NO DESERTOR;NO;2;NO DEFINIDO;Si;51,56;2;3;2;1
1;20121;F;3;ANDALUCÍA;26;-;NO DESERTOR;NO;0;MAS DE 2 Y MENOS DE 4 SALARIOS MINIMOS;Si;46,28;1;4;3;1
1;20121;F;1;TULUÁ;26;-;NO DESERTOR;NO;0;MAS DE 2 Y MENOS DE 4 SALARIOS MINIMOS;NO;50,95;0;5;5;0
1;20121;F;4;TULUÁ;29;-;NO DESERTOR;NO;1;MAS DE 4 Y MENOS DE 6 SALARIOS MINIMOS;Si;49,08;1;4;2;2
1;20091;F;7;GUACARÍ;29;-;NO DESERTOR;NO;0;NO DEFINIDO;Si;50,94;1;4;3;1
1;20091;F;11;TULUÁ;32;-;NO DESERTOR;NO;0;NO DEFINIDO;Si;50,95;0;1;0;1
1;20121;F;2;TULUÁ;28;INACTIVIDAD ACADEMICA;DESERTOR;NO;3;DOS SALARIOS MÍNIMOS O MENOS;NO;50,95;0;0;0;0
1;20091;F;9;TRUJILLO;32;-;NO DESERTOR;NO;0;NO DEFINIDO;Si;50,95;0;1;0;1
1;20121;F;1;TULUÁ;27;-;NO DESERTOR;NO;0;MAS DE 2 Y MENOS DE 4 SALARIOS MINIMOS;Si;41,16;1;6;5;1
1;20121;M;3;GUADALAJARA DE BUGA;36;-;NO DESERTOR;NO;0;MAS DE 4 Y MENOS DE 6 SALARIOS MINIMOS;Si;45,74;4;3;2;1
1;20091;F;6;TULUÁ;33;-;NO DESERTOR;NO;0;NO DEFINIDO;Si;50,95;1;1;1;0
1;20121;F;5;GUADALAJARA DE BUGA;29;-;NO DESERTOR;NO;0;NO DEFINIDO;Si;51,92;0;1;0;1
1;20121;F;2;GUADALAJARA DE BUGA;27;-;NO DESERTOR;NO;0;MAS DE 2 Y MENOS DE 4 SALARIOS MINIMOS;NO;45,4;2;2;1;1
1;20091;F;9;TULUÁ;33;-;NO DESERTOR;NO;0;NO DEFINIDO;Si;50,95;0;1;0;1
1;20121;F;1;TULUÁ;27;-;NO DESERTOR;NO;0;DOS SALARIOS MÍNIMOS O MENOS;Si;46,68;1;6;5;1
1;20121;F;1;TULUÁ;26;-;NO DESERTOR;NO;0;MAS DE 2 Y MENOS DE 4 SALARIOS MINIMOS;Si;45,84;0;6;5;1
1;20091;F;8;BOLÍVAR;30;-;NO DESERTOR;NO;0;NO DEFINIDO;Si;50,95;0;3;2;1
1;20091;F;9;TULUÁ;32;-;NO DESERTOR;NO;0;NO DEFINIDO;Si;50,95;0;1;0;1
1;20121;F;9;TULUÁ;38;-;NO DESERTOR;NO;0;NO DEFINIDO;Si;50,95;0;1;0;1
1;20121;F;1;TULUÁ;29;-;NO DESERTOR;NO;0;MAS DE 2 Y MENOS DE 4 SALARIOS MINIMOS;Si;41,88;1;6;5;1
1;20091;F;8;TULUÁ;32;-;NO DESERTOR;NO;0;NO DEFINIDO;NO;50,95;0;1;0;1
1;20091;F;7;TULUÁ;29;-;NO DESERTOR;NO;0;NO DEFINIDO;Si;50,95;0;1;0;1
1;20091;F;7;GUADALAJARA DE BUGA;29;-;NO DESERTOR;NO;0;NO DEFINIDO;Si;50,95;0;2;0;2
1;20121;F;1;TULUÁ;27;-;NO DESERTOR;NO;0;MAS DE 4 Y MENOS DE 6 SALARIOS MINIMOS;Si;53,32;0;8;7;1
1;20121;F;3;TULUÁ;32;-;NO DESERTOR;NO;0;NO DEFINIDO;Si;50,95;2;3;2;1
1;20121;M;1;TULUÁ;27;-;NO DESERTOR;NO;0;DOS SALARIOS MÍNIMOS O MENOS;NO;50,95;1;5;4;1
1;20121;F;3;TRUJILLO;27;INACTIVIDAD ACADEMICA;DESERTOR;NO;1;DOS SALARIOS MÍNIMOS O MENOS;NO;50,95;3;2;1;1
1;20121;M;2;TULUÁ;34;-;NO DESERTOR;NO;0;MAS DE 4 Y MENOS DE 6 SALARIOS MINIMOS;Si;47,51;0;2;1;1
1;20121;M;1;BUGALAGRANDE;27;-;NO DESERTOR;NO;0;DOS SALARIOS MÍNIMOS O MENOS;NO;39;1;4;4;0
1;20121;M;1;BUGALAGRANDE;32;INACTIVIDAD ACADEMICA;DESERTOR;NO;2;DOS SALARIOS MÍNIMOS O MENOS;NO;50,95;1;1;1;0
1;20121;M;3;TULUÁ;30;-;NO DESERTOR;NO;0;MAS DE 4 Y MENOS DE 6 SALARIOS MINIMOS;Si;46,22;0;2;1;1
1;20121;M;2;TULUÁ;29;-;NO DESERTOR;NO;0;MAS DE 2 Y MENOS DE 4 SALARIOS MINIMOS;Si;39,92;3;2;1;1
1;20091;M;7;ANDALUCÍA;29;-;NO DESERTOR;NO;0;NO DEFINIDO;Si;57,53;0;2;0;2
1;20091;M;6;TULUÁ;31;-;NO DESERTOR;NO;0;NO DEFINIDO;Si;49,35;0;3;1;2
1;20091;M;6;SALONICA - RIOFRÍO;31;-;NO DESERTOR;NO;0;NO DEFINIDO;Si;50,95;0;2;0;2
1;20121;F;2;TULUÁ;28;INACTIVIDAD ACADEMICA;DESERTOR;NO;0;DOS SALARIOS MÍNIMOS O MENOS;NO;50,95;0;1;1;0
1;20121;F;1;ANDALUCÍA;27;-;NO DESERTOR;NO;2;DOS SALARIOS MÍNIMOS O MENOS;NO;50,95;1;5;5;0
1;20121;F;4;GUADALAJARA DE BUGA;28;-;NO DESERTOR;NO;2;NO DEFINIDO;NO;50,95;4;1;1;0
1;20121;F;4;GUADALAJARA DE BUGA;27;-;NO DESERTOR;NO;0;MAS DE 8 SALARIOS MINIMOS;NO;45,44;0;2;1;1
1;20091;M;7;TULUÁ;32;-;NO DESERTOR;NO;0;NO DEFINIDO;Si;47,28;0;2;0;2
1;20121;F;3;BUENAVENTURA;26;-;NO DESERTOR;NO;0;NO DEFINIDO;NO;49,48;2;2;1;1
1;20121;M;1;TULUÁ;30;-;NO DESERTOR;NO;2;MAS DE 6 Y MENOS DE 8 SALARIOS MINIMOS;NO;50,95;1;6;5;1
1;20051;F;3;BUGALAGRANDE;30;INACTIVIDAD ACADEMICA;DESERTOR;NO;2;NO DEFINIDO;NO;50,95;0;1;0;1
1;20121;F;3;TULUÁ;29;-;NO DESERTOR;NO;0;NO DEFINIDO;Si;49,66;2;2;1;1
1;20121;F;1;TULUÁ;28;-;NO DESERTOR;NO;2;MAS DE 2 Y MENOS DE 4 SALARIOS MINIMOS;Si;47,72;0;7;6;1
1;20091;F;7;TULUÁ;31;-;NO DESERTOR;NO;0;NO DEFINIDO;Si;50,95;0;4;2;2
1;20121;F;1;ANDALUCÍA;26;-;NO DESERTOR;NO;0;DOS SALARIOS MÍNIMOS O MENOS;NO;37,4;1;8;8;0
1;20091;M;11;TULUÁ;33;-;NO DESERTOR;NO;0;NO DEFINIDO;Si;50,95;0;1;0;1
1;20121;M;1;RIOFRÍO;33;-;NO DESERTOR;SI;0;MAS DE 2 Y MENOS DE 4 SALARIOS MINIMOS;NO;47,76;1;6;5;1
1;20091;F;8;TULUÁ;30;-;NO DESERTOR;NO;0;NO DEFINIDO;Si;50,95;0;2;0;2
1;20121;M;1;BUGALAGRANDE;28;-;NO DESERTOR;NO;0;DOS SALARIOS MÍNIMOS O MENOS;NO;49,16;1;5;4;1
1;20121;M;3;GUADALAJARA DE BUGA;28;-;NO DESERTOR;NO;0;DOS SALARIOS MÍNIMOS O MENOS;Si;41,49;1;2;1;1
1;20121;M;1;TULUÁ;27;-;NO DESERTOR;NO;1;DOS SALARIOS MÍNIMOS O MENOS;Si;58,88;0;6;5;1
1;20091;M;9;TULUÁ;31;-;NO DESERTOR;NO;0;NO DEFINIDO;Si;50,95;0;2;0;2
1;20091;F;8;TRUJILLO;30;-;NO DESERTOR;NO;0;NO DEFINIDO;Si;50,95;0;2;1;1
1;20091;F;5;ANDALUCÍA;33;-;NO DESERTOR;NO;0;NO DEFINIDO;Si;50,95;0;1;0;1
1;20091;F;6;TULUÁ;29;-;NO DESERTOR;NO;0;NO DEFINIDO;NO;50,95;0;3;2;1
1;20121;F;4;TULUÁ;29;-;NO DESERTOR;NO;0;NO DEFINIDO;NO;52,32;0;4;3;1
1;20091;F;11;TULUÁ;32;-;NO DESERTOR;NO;0;NO DEFINIDO;NO;50,95;0;1;0;1
1;20091;F;9;TULUÁ;31;-;NO DESERTOR;NO;0;NO DEFINIDO;NO;50,95;0;1;0;1
1;20121;F;4;PALMIRA;27;-;NO DESERTOR;NO;0;MAS DE 4 Y MENOS DE 6 SALARIOS MINIMOS;Si;50,95;1;3;2;1
1;20091;F;9;ZARZAL;30;-;NO DESERTOR;NO;0;NO DEFINIDO;Si;50,95;0;1;0;1
1;20121;F;2;ANDALUCÍA;31;-;NO DESERTOR;NO;0;DOS SALARIOS MÍNIMOS O MENOS;NO;41,76;0;2;1;1
1;20121;M;1;GUADALAJARA DE BUGA;26;INACTIVIDAD ACADEMICA;DESERTOR;NO;0;MAS DE 4 Y MENOS DE 6 SALARIOS MINIMOS;NO;50,95;3;4;4;0
1;20121;F;1;CALIMA;27;-;NO DESERTOR;NO;2;DOS SALARIOS MÍNIMOS O MENOS;NO;52,68;1;10;9;1
1;20091;M;9;ANDALUCÍA;32;-;NO DESERTOR;NO;0;NO DEFINIDO;NO;50,95;0;1;0;1
1;20121;M;3;TULUÁ;36;-;NO DESERTOR;NO;0;NO DEFINIDO;Si;46,88;0;2;1;1
1;20091;M;4;TULUÁ;32;INACTIVIDAD ACADEMICA;DESERTOR;NO;0;NO DEFINIDO;NO;50,95;0;1;0;1
1;20121;F;4;ANDALUCÍA;29;-;NO DESERTOR;NO;0;NO DEFINIDO;NO;46,72;0;2;1;1
1;20121;F;1;FUNES;27;-;NO DESERTOR;NO;0;MAS DE 2 Y MENOS DE 4 SALARIOS MINIMOS;Si;56;0;6;5;1
1;20051;M;7;RIOFRÍO;42;-;NO DESERTOR;NO;0;NO DEFINIDO;NO;50,95;1;2;1;1
1;20121;M;4;TULUÁ;31;-;NO DESERTOR;NO;0;MAS DE 2 Y MENOS DE 4 SALARIOS MINIMOS;Si;47,27;0;2;1;1
1;20121;M;3;BUENAVENTURA;29;-;NO DESERTOR;NO;0;NO DEFINIDO;Si;45,45;2;2;1;1
1;20121;M;5;TULUÁ;28;-;NO DESERTOR;NO;0;NO DEFINIDO;Si;56,83;1;2;1;1
1;20121;M;2;TULUÁ;27;-;NO DESERTOR;NO;0;MAS DE 2 Y MENOS DE 4 SALARIOS MINIMOS;Si;54,8;0;3;1;2
1;20121;M;2;BUENAVENTURA;26;-;NO DESERTOR;NO;0;DOS SALARIOS MÍNIMOS O MENOS;Si;43;1;2;1;1
1;20091;M;4;TULUÁ;35;-;NO DESERTOR;NO;0;NO DEFINIDO;Si;50,95;0;1;0;1
1;20121;M;4;BUENAVENTURA;27;-;NO DESERTOR;NO;0;MAS DE 2 Y MENOS DE 4 SALARIOS MINIMOS;NO;46,2;0;2;1;1
1;20121;F;5;TULUÁ;28;-;NO DESERTOR;NO;2;NO DEFINIDO;Si;51,13;0;3;2;1
1;20121;M;5;TULUÁ;28;-;NO DESERTOR;NO;0;NO DEFINIDO;NO;47,12;0;1;0;1
1;20121;M;1;TULUÁ;27;-;NO DESERTOR;NO;0;DOS SALARIOS MÍNIMOS O MENOS;NO;46,28;0;6;5;1
1;20121;M;5;TULUÁ;30;-;NO DESERTOR;NO;0;NO DEFINIDO;NO;50,95;0;1;0;1
1;20121;M;4;TULUÁ;28;-;NO DESERTOR;NO;2;MAS DE 2 Y MENOS DE 4 SALARIOS MINIMOS;NO;61,4;0;2;1;1
1;20091;M;9;TULUÁ;30;-;NO DESERTOR;NO;0;NO DEFINIDO;NO;50,95;0;1;0;1
1;20121;M;2;TULUÁ;28;-;NO DESERTOR;SI;1;MAS DE 2 Y MENOS DE 4 SALARIOS MINIMOS;NO;47,28;1;2;1;1
1;20121;M;1;TULUÁ;26;-;NO DESERTOR;NO;0;MAS DE 2 Y MENOS DE 4 SALARIOS MINIMOS;Si;49,68;1;6;5;1
1;20091;F;9;TULUÁ;32;-;NO DESERTOR;NO;0;NO DEFINIDO;NO;50,95;0;1;0;1
1;20121;F;2;BUENAVENTURA;26;-;NO DESERTOR;SI;3;DOS SALARIOS MÍNIMOS O MENOS;Si;45,96;2;5;4;1
1;20121;F;1;BUENAVENTURA;25;-;NO DESERTOR;NO;0;DOS SALARIOS MÍNIMOS O MENOS;NO;40,56;1;8;7;1
1;20121;F;2;TULUÁ;28;-;NO DESERTOR;NO;0;MAS DE 2 Y MENOS DE 4 SALARIOS MINIMOS;NO;45;0;2;1;1
1;20091;F;9;TULUÁ;31;-;NO DESERTOR;NO;0;NO DEFINIDO;NO;50,95;0;1;0;1
1;20121;M;5;GUADALAJARA DE BUGA;34;-;NO DESERTOR;NO;0;NO DEFINIDO;NO;50,95;3;1;1;0
1;20121;F;3;ANDALUCÍA;27;-;NO DESERTOR;NO;0;DOS SALARIOS MÍNIMOS O MENOS;NO;43,12;1;2;1;1
1;20051;M;3;BUENAVENTURA;31;-;NO DESERTOR;NO;5;NO DEFINIDO;NO;38,05;2;2;1;1
1;20091;F;7;TULUÁ;29;-;NO DESERTOR;NO;0;NO DEFINIDO;Si;50,95;1;3;2;1
1;20121;F;1;TULUÁ;27;-;NO DESERTOR;NO;0;DOS SALARIOS MÍNIMOS O MENOS;Si;44,36;0;6;5;1
1;20091;F;7;BUENAVENTURA;29;-;NO DESERTOR;NO;0;NO DEFINIDO;Si;41,25;0;3;1;2
1;20121;M;2;GUADALAJARA DE BUGA;31;-;NO DESERTOR;NO;1;MAS DE 2 Y MENOS DE 4 SALARIOS MINIMOS;NO;43,03;0;2;1;1
1;20121;M;1;BUENAVENTURA;40;-;NO DESERTOR;NO;0;NO DEFINIDO;NO;50,95;1;2;1;1
1;20091;F;8;TULUÁ;32;-;NO DESERTOR;NO;0;NO DEFINIDO;Si;50,95;0;2;0;2
1;20091;F;9;GUACARÍ;31;-;NO DESERTOR;NO;0;NO DEFINIDO;Si;50,95;0;2;0;2
1;20121;F;2;ANDALUCÍA;31;-;NO DESERTOR;NO;0;DOS SALARIOS MÍNIMOS O MENOS;Si;50,68;0;2;1;1
1;20051;M;4;GUADALAJARA DE BUGA;30;-;NO DESERTOR;NO;1;NO DEFINIDO;NO;49,17;2;2;1;1
1;20121;F;2;GUADALAJARA DE BUGA;27;-;NO DESERTOR;NO;0;MAS DE 4 Y MENOS DE 6 SALARIOS MINIMOS;Si;44,64;0;4;3;1